iteration: 1
PANDA LEFT
0.000626958576037318	    117.079355706376	-0.00325183594980428	    585.393773539572
-6.37762406389812e-05	-9.43786857054536e-05	 -0.00682430164993093	  0.00656403182112893
 1.62811641139378e-05	  -0.0016553811469738	-0.000845653274541955	  -0.0051187858344356
5.52105727140847e-05	 0.00173945364673045	-0.00738957107928823	  0.0030525938092001
-0.000634405159841572	 -0.00121679671818289	   0.0114425103916973	 -0.00033817209842235
-0.000368395620706548	 -0.00130658086640976	    -0.01666550751443	 -0.00366679906918041
 5.8290866657781e-05	1.91763069134376e-07	   -186.554523285257	-0.00298937176788358
PANDA RIGHT
-0.00150515028494638	   -234.158074465186	-0.00301018059059154	    585.390375693514
  0.00073427876141075	-0.000143673152446147	 -0.00331488742190423	  0.00278887062107757
-0.000404663134519051	 -0.00157417638726777	  0.00172325528035446	 -0.00279996235542985
-7.10321918103839e-06	  0.00145817316892729	-0.000778552209474242	  0.00255790733214548
-0.00175611945073451	0.000662259477345439	  0.0149698560617683	-0.00208991234185734
-0.000669519997001172	-0.000194324251427881	  -0.0144611754515916	 -0.00117962955770983
-0.00205199821686194	2.97188033044187e-07	   -186.577773038812	-0.00147812271879621
PANDA TOP
-0.000878915908806164	     117.078718170718	-0.000558440402022498	    -585.399100549617
-0.000407575264496189	 0.000109491795612248	 0.000623128849638093	  0.00234893887207733
-0.000290575572422233	-0.000723007413665767	  0.00478290529808164	 -0.00278148587989344
2.33197387482766e-05	0.000869866408474965	-0.00504098087982727	6.16421365432541e-05
-0.000155256997332765	 -0.00108951307594749	  0.00438630536251381	  0.00115683248094086
-0.000182620647465741	-0.000384103797447332	 -0.00278653968297449	 -0.00671655476767473
0.000418485627536277	1.30137421208768e-07	   -186.593806036149	 0.00104116085622229


iteration: 2
PANDA LEFT
 -0.64068998421136	 -29.9504041278798	0.0522779557644245	  611.721698539448
-0.000972473788415248	 2.05495498815715e-05	 -0.00823645804680432	  0.00282088331558803
  0.0025556655931992	  -0.313288588018078	 0.00124101266429586	-0.00185223097884223
 -0.0829971050254505	 0.00212017920866558	-0.00513413380640901	 0.00295097216728702
  0.0860238631444987	  -0.383389167555027	 0.00889115741220024	0.000650403442658957
-0.00188607215771175	 0.00494649714172222	  -0.016342186404627	-0.00380005669323019
 -0.0875875554193275	2.98346542780699e-07	    46120.0447378227	 0.00156075340761879
PANDA RIGHT
  2.56425339199373	  -38.456194974063	0.0514742890224291	  611.718314599243
  -0.672751812803927	   0.188181296837247	-0.00400168589666342	 0.00498844417168829
   0.002500726413073	  -0.316378641051964	 0.00195274656503734	-0.00560453506412932
 -0.0810109666879382	-0.00143288614769095	 0.00119139915902494	 0.00293165056718378
  0.0820818906527713	  -0.384693186284587	  0.0141191842027245	-0.00100277337556946
 -0.0017618924403306	 0.00326312961208753	 -0.0143665088769264	-0.00371405135632656
 -0.0906238051708807	4.63514794162601e-07	    46120.0239332612	0.000836542814797341
PANDA TOP
   1.9234648695781	  -29.885363248033	0.0561004529195479	 -611.729473439355
  0.00221698892663748	 0.000571540404097451	-0.000358386476708383	  0.00154241748122836
-0.000332306251876847	   -0.324678570520936	   0.0025077044572656	 -0.00233653492442372
 -0.0791080219416365	0.000251630588656276	-0.00371531968436642	 0.00237231355219359
  0.0768161621236524	  -0.384937743132982	 0.00327903326611538	-0.00285639117807603
  0.0109748919283385	-0.00443280558912148	0.000233184602781655	-0.00244260730392254
  -0.092113159097341	8.96138889626014e-08	    46120.0018964804	 0.00135424311061038


iteration: 3
PANDA LEFT
 23.2921147352316	-47.5529062410133	0.327167299659746	 613.229691700224
0.000234263496635683	0.000326167514653953	-0.00775740275174128	 0.00338502899051191
0.000596710187846058	  -0.318852161374741	9.56464280935686e-05	-0.00214857054873626
  -0.082877780849221	-0.00125892403019449	-0.00540269614863968	 0.00245836721877359
 0.0813776520577449	 -0.384814375951995	0.00840293425161717	0.00242364767427837
 0.00199562324728532	0.000466642186272325	 -0.0152230647809297	 -0.0060780345664853
  -0.0881020725064523	-6.20073898201198e-07	     45601.0791105709	  0.00070841944316934
PANDA RIGHT
 25.8899647615397	-46.6579857045615	0.327597968913204	 613.226670624084
   0.551565868524767	  -0.114527772748163	-0.00485101300904513	 0.00222680689925507
0.000857267723002927	  -0.317472059851862	 0.00187065952234954	-0.00324430534941737
  -0.0812824853948537	-0.000862350285915527	 0.000196229336459142	  0.00299620188073491
   0.0812923322942551	    -0.38576645451012	   0.0133746388541663	-0.000486023561834658
0.000333305359631046	-0.00128324068216864	 -0.0133890912824173	-0.00282253478066281
   -0.087859676888813	-4.60851805714777e-07	     45601.0537300762	 -0.00089752113621242
PANDA TOP
-21.9014925393859	-47.4182431565887	0.332217421897493	-613.231830320912
-0.00148114916364907	-0.00143113308978348	1.11802614427174e-06	0.000925642675777077
0.000162669827557096	  -0.317156775386362	 0.00319574728543051	-0.00105195491870828
  -0.0843831567978673	-0.000791664869123683	  -0.0054973196247587	 -0.00103120292604579
 0.0833711370736423	 -0.385185439451449	0.00460935936088933	0.00041800789170252
-0.000825068590207218	 0.000928974076632421	 0.000992042600855342	  -0.0043955065481814
  -0.0891913407139301	-8.06885452975777e-07	      45601.034362013	 5.31415770898005e-05


