iteration: 1
PANDA LEFT
0.000603664839441449	   -28.6595549909102	-0.00325120604253501	   -143.300784110911
-6.82232178033972e-05	-9.84561064370583e-05	 -0.00684160174272007	  0.00654682615876002
1.90664463632136e-05	-0.00163821425865195	 -0.0008324055969881	-0.00511520583834975
6.92515373474346e-05	 0.00171864204076686	-0.00737320029150922	 0.00302016436226313
-0.000637525709882141	 -0.00120367372987093	   0.0113833290613514	 -0.00032077511307346
-0.000355995567854737	 -0.00129101931157546	  -0.0166378574246661	 -0.00371623885140455
6.28503353561644e-05	1.86725791356918e-07	   -107.969320497578	 -0.0029400520963301
PANDA RIGHT
-0.00150562859314455	    57.3197765540825	-0.00298524490488948	   -143.304157143261
  0.00073796441019404	-0.000144772061738679	 -0.00332570954290503	  0.00276092513081496
-0.000407001299342786	 -0.00156586997345741	  0.00173352844517849	 -0.00278233180545297
-1.52906445211003e-05	  0.00147490051777138	-0.000781346871153957	  0.00254826579946389
-0.00175561826502994	0.000705654409760669	  0.0149251026308096	-0.00202976050450679
-0.000678886885552354	-0.000213061729144381	  -0.0144584695652831	 -0.00125404163243485
-0.00206275208247712	2.92528203008565e-07	   -107.992591033466	-0.00143568829882322
PANDA TOP
-0.000901886819752535	    -28.6602212736989	-0.000525230260994436	     143.295523749386
-0.000414997613205941	 0.000118027598533483	 0.000619175100335008	  0.00238887912324441
-0.000296114976820043	-0.000696053924960843	  0.00471400897037222	 -0.00280088367777068
3.82669143477149e-05	0.000839877106287124	-0.00504479445370361	8.27127381214801e-05
-0.000172712619638962	 -0.00106108086185279	  0.00436112853816223	  0.00111894019986153
-0.000174147089405345	-0.000375223182286277	 -0.00273560684281041	 -0.00664737407700571
 0.00039954714954913	1.26086976883385e-07	   -108.008753809351	  0.0009900451489165


iteration: 2
PANDA LEFT
 1.93635974539904	-98.8437515885972	0.260737995370956	-151.557513889795
  0.0035653509595452	 0.00214541348537986	-0.00850320533974948	 0.00132023401607248
  0.00311218919412048	   -0.300326688513062	  0.00051994411340479	-0.000460741563883632
 -0.0778991319502108	 0.00289551093853157	-0.00378928940494224	 0.00244016143134193
  0.0902701117267221	  -0.369254395979574	 0.00784832393936424	0.000569486112318554
 0.00961832143693989	0.000263295609179308	 -0.0166765254160654	-0.00402932330873403
  -0.0836648394572055	-1.72483919703259e-06	    -102172.501437502	  0.00110455986478602
PANDA RIGHT
-2.68236901642361	-97.4202869815466	0.260272649827721	-151.561854245543
    1.07947988776621	  -0.162014005216523	-0.00410387891720091	  0.0045730368051844
-0.00268389307220011	   -0.30109949908063	 0.00164004586218136	-0.00572370833120948
  -0.0812466999195139	-0.000635205367385586	  0.00167481370493925	   0.0033700742740534
   0.0881641764855854	   -0.376991955064455	   0.0124655025882763	-0.000838573680584508
-0.00749313926027341	0.000832079454483294	 -0.0136857404890018	-0.00381571658188711
 -0.0867603581955014	-1.2601178402484e-06	    -102172.52220527	0.000770149803659278
PANDA TOP
-0.746238986426543	 -98.8958399791259	 0.267937280304046	  151.554015576256
-0.00780502835540517	-0.00814965990366468	4.68734032224811e-05	-0.00315204333897148
-0.00185408455979986	  -0.288598784836382	 0.00205597753440892	 0.00237768776654735
 -0.0947899714514644	-0.00293395367708881	-0.00502742464013046	-0.00276053189715028
    0.104433319628889	   -0.375721004776304	  0.00643043851414393	-0.000755476236934834
 -0.0313655182047396	-0.00425255668089386	 0.00138947063013927	-0.00401905450561523
 -0.0878381430640936	-1.2321389263576e-06	   -102172.543379702	 0.00135064210927204


