iteration: 1

arm: panda_left
eval(before): 100
del_phi.norm(): 100
   -0.0158727371628452	-1.53070933797825e-310	-1.08568583631631e-306	                     0
   -0.0158727371562419	 -1.5307093104291e-310	-1.08568583631325e-306	    0.0684372937681606
   -0.0158727371826547	-1.53072761931742e-310	-1.08572750356724e-306	   0.00041103027125337
   -0.0158727371760515	-1.53072747142573e-310	-1.08571564397063e-306	     0.133380791660804
   -0.0158727371782525	-1.53072748243717e-310	 -1.0857781372788e-306	 -0.000801077014559497
   -0.0158727371650462	-1.53072747628126e-310	-1.08577813727941e-306	     0.212299472391423
   -0.0158727371650462	-1.53072302772041e-315	-1.08576548701749e-306	  -0.00127505786566606

arm: panda_right
eval(before): 100
del_phi.norm(): 100
   0.0224245909279854	2.13274257679738e-310	2.15845784264905e-306	                    0
   0.0224245909186567	2.13274253787711e-310	 2.1584578426659e-306	   -0.096041749748174
   0.0224245909559719	2.13276833896235e-310	2.15851628381103e-306	 -0.00136343913137976
   0.0224245909466432	2.13276780712544e-310	2.15849950504243e-306	   -0.187180467090006
   0.0224245909497527	2.13276782263589e-310	2.15858730086085e-306	  0.00265727326011474
   0.0224245909310951	 2.1327678138599e-310	2.15858730086299e-306	   -0.297931313125246
   0.0224245909310951	2.13276112269649e-315	2.15856940353153e-306	  0.00422952738619847

arm: panda_top
eval(before): 100
del_phi.norm(): 100
  -0.00655185376514035	-6.02033238823329e-311	-1.52788319663386e-306	                     0
  -0.00655185376241472	-6.02033227451815e-311	-1.52788319682139e-306	    0.0276044559800132
  -0.00655185377331723	-6.02040719650272e-311	-1.52789997023705e-306	  0.000952408860126402
  -0.00655185377059159	-6.02040335692837e-311	-1.52789505110803e-306	     0.053799675429202
  -0.00655185377150015	-6.02040340195505e-311	-1.52792035361299e-306	  -0.00185619624555527
  -0.00655185376604888	-6.02040337584615e-311	-1.52792035361335e-306	    0.0856318407338246
  -0.00655185376604888	-6.02038707617484e-316	-1.52791510654539e-306	  -0.00295446952053236

iteration: 2

arm: panda_left
eval(before): 100
del_phi.norm(): 100
   -0.0137638875054062	-2.86185475551357e-310	 -8.1826174286971e-307	                     0
   -0.0137638874996803	-2.86185473162347e-310	-8.18262651870994e-307	     0.114394865484605
   -0.0137638875225839	-2.86188450449449e-310	-8.18336814923819e-307	   -0.0149012575611797
    -0.013763887516858	-2.86188269412754e-310	-8.18321134870674e-307	     0.226110151807651
   -0.0137638875187666	 -2.8618827009489e-310	-8.18429002748655e-307	    0.0133247188185359
   -0.0137638875073148	-2.86188269829562e-310	-8.18429912795316e-307	     0.364860302699865
   -0.0137638875073148	-2.86187595016798e-315	-8.18413127193214e-307	   -0.0206648435372241

arm: panda_right
eval(before): 100
del_phi.norm(): 100
   0.0371061870396253	 3.8516250016648e-310	5.35697361936962e-306	                    0
   0.0371061870241889	3.85162493726364e-310	5.35697026341659e-306	   -0.170622349572429
   0.0371061870859348	3.85167147270046e-310	5.35707124019694e-306	  0.00862908823660659
   0.0371061870704984	3.85165277555016e-310	5.35703874753126e-306	   -0.330040225778266
   0.0371061870756438	3.85165282583335e-310	5.35718966567825e-306	  -0.0499159778159659
   0.0371061870447709	3.85165280611035e-310	5.35718630730558e-306	   -0.504443565797179
   0.0371061870447709	3.85164262384149e-315	5.35715187244976e-306	   -0.152901945764592

arm: panda_top
eval(before): 100
del_phi.norm(): 100
   -0.0233422995342191	-1.65825789219737e-310	-1.72510032928026e-306	                     0
   -0.0233422995245085	-1.65825785168419e-310	-1.72510081109136e-306	    0.0677078294340801
   -0.0233422995633509	-1.65822631331213e-310	-1.72514081405791e-306	  -0.00282844465192262
   -0.0233422995536404	-1.65822137882334e-310	-1.72513031100366e-306	     0.132285176263162
   -0.0233422995568772	-1.65822139278811e-310	-1.72518969733819e-306	  0.000116995174718251
   -0.0233422995374561	-1.65822138675863e-310	-1.72519017906395e-306	     0.210884661895542
   -0.0233422995374561	-1.65821443939368e-315	-1.72517894350804e-306	   -0.0133965690890028

iteration: 3

arm: panda_left
eval(before): 100
del_phi.norm(): 100
   -0.0042667681824007	-3.74078618448317e-310	 5.49819128309739e-307	                     0
  -0.00426676818062566	-3.74078617707322e-310	 5.49817937915381e-307	     0.141910081809566
  -0.00426676818772563	-3.74081224595296e-310	 5.49721984052219e-307	   -0.0293865674933029
  -0.00426676818595071	-3.74080554737526e-310	 5.49739066262773e-307	     0.284175039663318
   -0.0042667681865423	-3.74080554573936e-310	 5.49600463916189e-307	    0.0259025103408309
  -0.00426676818299239	-3.74080555251211e-310	 5.49599273002143e-307	     0.465042297203044
  -0.00426676818299239	-3.74079961871972e-315	 5.49617573475714e-307	   -0.0491418182704929

arm: panda_right
eval(before): 100
del_phi.norm(): 100
   0.0562433251488265	 6.3646306206973e-310	8.86364083076428e-306	                    0
   0.0562433251254289	6.36463052308203e-310	8.86363577273255e-306	   -0.238645788816089
   0.0562433252190196	6.36458935775949e-310	8.86377097069158e-306	   0.0654691524272291
    0.056243325195622	6.36459157310849e-310	8.86373296562609e-306	   -0.437069744463382
   0.0562433252034211	6.36459163507263e-310	8.86391195163658e-306	   -0.196440552025852
   0.0562433251566258	6.36459158427453e-310	 8.8639068836582e-306	   -0.549859467801865
   0.0562433251566258	6.36458814539033e-315	8.86386668474393e-306	   -0.388114087328314

arm: panda_top
eval(before): 100
del_phi.norm(): 100
   -0.0519765569664258	-3.37728890353579e-310	-2.29083985951071e-306	                     0
   -0.0519765569448031	-3.37728881332335e-310	-2.29084164216245e-306	     0.117439146281248
   -0.0519765570312939	-3.37727389417482e-310	-2.29090998877321e-306	   -0.0224755736233906
   -0.0519765570096713	-3.37726761966138e-310	 -2.2908961913729e-306	     0.233035053999726
   -0.0519765570168788	-3.37726764795662e-310	 -2.2909952003615e-306	    0.0219073954303199
   -0.0519765569736334	-3.37726763557928e-310	-2.29099698176759e-306	     0.378590078224253
   -0.0519765569736334	 -3.3772645997282e-315	-2.29098214612323e-306	   -0.0247527476111665

iteration: 4

arm: panda_left
eval(before): 100
del_phi.norm(): 100
   0.00778223155538243	-4.16712256265699e-310	 2.87200822713673e-306	                     0
   0.00778223155214503	-4.16712257615882e-310	 2.87200699098856e-306	     0.156707139099667
   0.00778223156509495	-4.16713821632808e-310	 2.87189764903738e-306	   -0.0368299549297614
   0.00778223156185734	-4.16712177700675e-310	 2.87191557469165e-306	     0.315687639591128
   0.00778223156293659	-4.16712177129525e-310	  2.8717577954864e-306	    0.0302064093290537
   0.00778223155646158	-4.16712178609158e-310	 2.87175655856495e-306	     0.518861762435477
   0.00778223155646158	-4.16711891403403e-315	 2.87177576187653e-306	   -0.0750422776053985

arm: panda_right
eval(before): 100
del_phi.norm(): 100
   0.0898406980525158	1.01128372570444e-309	1.22713145884211e-305	                    0
   0.0898406980151413	1.01128371011152e-309	1.22713082876863e-305	   -0.328115600421406
   0.0898406981646393	1.01128748337857e-309	1.22714854233686e-305	    0.163242894569353
   0.0898406981272649	1.01128445389441e-309	 1.2271444344794e-305	   -0.566069744976364
    0.089840698139723	1.01128446143186e-309	1.22716281653182e-305	   -0.425274472590642
   0.0898406980649741	1.01128445552025e-309	1.22716218512894e-305	   -0.444739960267509
   0.0898406980649741	1.01128311051568e-314	1.22715784567189e-305	   -0.615020706350183

arm: panda_top
eval(before): 100
del_phi.norm(): 100
    -0.097622929607898	 -5.9576886051257e-310	 -4.4736011523914e-306	                     0
   -0.0976229295672863	-5.95768843568762e-310	 -4.4736029014915e-306	     0.171480119860568
   -0.0976229297297343	-5.95768607324233e-310	-4.47369917509145e-306	   -0.0701135113573191
   -0.0976229296891222	-5.95768969153292e-310	 -4.4736853966112e-306	     0.352081216103858
   -0.0976229297026595	-5.95768974549606e-310	-4.47382433412255e-306	    0.0819211725221755
   -0.0976229296214357	-5.95768971646965e-310	-4.47382608262327e-306	      0.60450233284111
   -0.0976229296214357	-5.95768417740459e-315	-4.47381126978704e-306	   -0.0480334901756524

iteration: 5

arm: panda_left
eval(before): 100
del_phi.norm(): 100
    0.0211838711782603	-4.53304442954564e-310	 6.15662322078665e-306	                     0
    0.0211838711694476	  -4.533044466306e-310	 6.15662188921863e-306	     0.164761406091515
    0.0211838712046983	-4.53306476455324e-310	 6.15650280080188e-306	   -0.0493369051860365
    0.0211838711958855	-4.53306337413631e-310	 6.15651961823341e-306	     0.335915088874034
    0.0211838711988231	-4.53306336539624e-310	 6.15634716490141e-306	    0.0466468544916746
    0.0211838711811978	-4.53306338245099e-310	 6.15634583242944e-306	     0.564431727660413
    0.0211838711811978	-4.53306154456167e-315	 6.15636385971306e-306	   -0.0822167882572753

arm: panda_right
eval(before): 100
del_phi.norm(): 100
    0.147553648385459	1.49272320216024e-309	1.56604560408466e-305	                    0
    0.147553648324076	1.49272317655028e-309	1.56604482855352e-305	    -0.43767356013782
     0.14755364856961	1.49272744650608e-309	1.56606738185432e-305	    0.294920488500558
    0.147553648508227	1.49272538738553e-309	1.56606299490904e-305	    -0.72451625001915
    0.147553648528688	1.49272539712753e-309	1.56607822219478e-305	   -0.715743241136802
    0.147553648405921	1.49272539007558e-309	1.56607744531189e-305	   -0.155872487372787
    0.147553648405921	1.49272415728134e-314	1.56607281787517e-305	   -0.743283635007094

arm: panda_top
eval(before): 100
del_phi.norm(): 100
    -0.168737519563719	-9.47691050059094e-310	-9.20378399321814e-306	                     0
    -0.168737519493523	-9.47691020772553e-310	-9.20377532214932e-306	     0.218353267459415
    -0.168737519774308	-9.47693319067702e-310	-9.20388135891421e-306	    -0.158671775595789
    -0.168737519704112	-9.47692139657972e-310	-9.20386596808155e-306	     0.470922885162982
     -0.16873751972751	-9.47692147774433e-310	-9.20403206908554e-306	     0.205089387227121
    -0.168737519587118	-9.47692144916505e-310	-9.20402339745274e-306	     0.910945727836326
    -0.168737519587118	-9.47690145073458e-315	-9.20400755747873e-306	    -0.127218797477159

iteration: 6

arm: panda_left
eval(before): 100
del_phi.norm(): 100
     0.043380374770954	-5.43769099368345e-310	 1.01582636920786e-305	                     0
    0.0433803747529073	-5.43769106896656e-310	 1.01582607709776e-305	     0.172157008281896
    0.0433803748250937	-5.43771965183105e-310	 1.01581265488841e-305	   -0.0908600665480811
    0.0433803748070471	-5.43771719552199e-310	 1.01581355884073e-305	     0.364489189564064
    0.0433803748130626	-5.43771718116291e-310	 1.01579378963592e-305	      0.11332090478106
    0.0433803747769694	-5.43771720419852e-310	 1.01579349747806e-305	     0.667593023045013
    0.0433803747769694	-5.43771970428082e-315	 1.01579448116468e-305	   -0.0663387909437169

arm: panda_right
eval(before): 100
del_phi.norm(): 100
    0.234289221273507	2.21956982965733e-309	2.00336671339644e-305	                    0
    0.234289221176041	2.21956978899347e-309	2.00336982028684e-305	   -0.534266919734697
    0.234289221565907	2.21954561155912e-309	2.00339885995822e-305	    0.537500363889372
     0.23428922146844	2.21954913987228e-309	2.00340052692359e-305	   -0.816906253697037
    0.234289221500929	2.21954915205849e-309	2.00340186710428e-305	    -1.12340087489211
    0.234289221305996	2.21954914102604e-309	2.00340497309319e-305	    0.395873943986005
    0.234289221305996	   2.21954855126e-314	2.00340654424535e-305	   -0.551390316246091

arm: panda_top
eval(before): 100
del_phi.norm(): 100
    -0.277669596044461	 -1.3729678710026e-309	 -1.6534407516206e-305	                     0
    -0.277669595928948	-1.37296782281009e-309	-1.65343655739632e-305	     0.254847369349947
       -0.277669596391	-1.37297935215841e-309	-1.65344422152621e-305	    -0.278572823493689
    -0.277669596275487	-1.37297638273186e-309	-1.65344098241271e-305	     0.564338679626583
    -0.277669596313991	-1.37297639494939e-309	-1.65345774486167e-305	     0.383469520008375
    -0.277669596082965	-1.37297638701327e-309	-1.65345355107734e-305	      1.29321415416558
    -0.277669596082965	-1.37297155816774e-314	-1.65345037535967e-305	    -0.363097308138461

iteration: 7

arm: panda_left
eval(before): 100
del_phi.norm(): 100
    0.0929181913090903	-6.72970747472944e-310	 1.48449763052691e-305	                     0
    0.0929181912704352	-6.72970763599034e-310	 1.48449686484005e-305	     0.185196160386599
    0.0929181914250546	-6.72977975088448e-310	 1.48448058797873e-305	    -0.152996626316939
    0.0929181913863995	 -6.7297331483787e-310	 1.48448011732947e-305	     0.405037906543769
    0.0929181913992848	-6.72973311501795e-310	 1.48445528758436e-305	     0.214011507202405
    0.0929181913219748	-6.72973315948673e-310	 1.48445452173819e-305	     0.834603443714933
    0.0929181913219748	-6.72974133806642e-315	 1.48445407082648e-305	   -0.0831794152492497

arm: panda_right
eval(before): 100
del_phi.norm(): 100
    0.342698877585712	3.80475768066994e-309	2.95612688785607e-305	                    0
    0.342698877443147	 3.8047576211902e-309	2.95616332556478e-305	   -0.555137155555463
     0.34269887801341	3.80472734615625e-309	2.95622483427263e-305	     1.15249645687748
    0.342698877870845	3.80473456862591e-309	2.95627156944298e-305	   -0.864160750539847
    0.342698877918366	3.80473458099868e-309	2.95624507523828e-305	    -2.09449136932556
    0.342698877633235	3.80473456740923e-309	 2.9562815125308e-305	     1.16531253307542
    0.342698877633235	3.80473337730467e-314	2.95632893436138e-305	    0.137565930350746

arm: panda_top
eval(before): 100
del_phi.norm(): 100
    -0.435617068894804	-2.00573778165087e-309	-2.41807005978263e-305	                     0
    -0.435617068713582	-2.00573770604518e-309	-2.41806356466227e-305	     0.360239656872628
    -0.435617069438464	-2.00574748899057e-309	-2.41807226599011e-305	    -0.392390153140742
    -0.435617069257243	-2.00575722239963e-309	-2.41806741053758e-305	     0.759629133237473
     -0.43561706931765	 -2.0057572406354e-309	-2.41808965695325e-305	     0.523869835317193
    -0.435617068955209	 -2.0057572246308e-309	 -2.4180831626768e-305	      1.77012316404635
    -0.435617068955209	-2.00575084598298e-314	-2.41807841554624e-305	     -0.86346356617411

iteration: 8

arm: panda_left
eval(before): 100
del_phi.norm(): 100
     0.159984695595721	-7.34701338460558e-310	 2.45573040995257e-305	                     0
     0.159984695529166	-7.34701366226538e-310	 2.45573042107024e-305	     0.231158453367302
     0.159984695795386	-7.34709725509641e-310	 2.45571035692687e-305	    -0.150367231461267
     0.159984695728831	-7.34703446687112e-310	 2.45571135200177e-305	     0.495055402511486
     0.159984695751016	-7.34703440890516e-310	 2.45568088036089e-305	     0.185218594808017
     0.159984695617905	-7.34703448556533e-310	 2.45568089107319e-305	     0.932783047097927
     0.159984695617905	-7.34704817115931e-315	 2.45568195217551e-305	    -0.220130373389455

arm: panda_right
eval(before): 100
del_phi.norm(): 100
    0.471410258177406	5.94733520983994e-309	4.08653080397254e-305	                    0
    0.471410257981296	5.94733512802127e-309	4.08656981037673e-305	    -1.02884102035989
    0.471410258765739	5.94729683870122e-309	 4.0866747103831e-305	     1.83522896507889
    0.471410258569629	5.94730691061491e-309	4.08672463160647e-305	    -2.15732876748086
    0.471410258634999	 5.9473069272473e-309	4.08664921082665e-305	    -3.02243220918472
    0.471410258242777	 5.9473069170411e-309	4.08668821578435e-305	      1.8281564659902
    0.471410258242777	5.94730904636881e-314	 4.0867388646177e-305	    -0.38442966174978

arm: panda_top
eval(before): 100
del_phi.norm(): 100
    -0.631394953773128	-4.70570054624286e-309	-3.83195163841852e-305	                     0
    -0.631394953510461	-4.70570043665792e-309	-3.83196339514327e-305	      1.07452840156474
    -0.631394954561124	-4.70570898815943e-309	-3.83203220262205e-305	    -0.621259720668033
    -0.631394954298458	 -4.7057197313688e-309	-3.83204214118857e-305	      2.10214222834177
    -0.631394954386013	-4.70571975515922e-309	-3.83213657469439e-305	     0.372487200194521
    -0.631394953860683	-4.70571973286174e-309	-3.83214833199457e-305	       2.8650750511225
    -0.631394953860683	-4.70570838781071e-314	 -3.8321581493972e-305	     -1.55022486262161

iteration: 9

arm: panda_left
eval(before): 100
del_phi.norm(): 100
     0.246119157559778	-9.57458202534287e-310	 6.69236499063932e-306	                     0
      0.24611915745739	-9.57458245249567e-310	 6.69257639208914e-306	     0.615112873736424
     0.246119157866941	-9.57457401690228e-310	 6.69232736249698e-306	     0.179573719152676
     0.246119157764553	-9.57457484697081e-310	 6.69265758133339e-306	      1.17935162221166
     0.246119157798683	-9.57457478054126e-310	 6.69233723925189e-306	    -0.641623156747544
     0.246119157593907	-9.57457487060775e-310	 6.69254864216788e-306	      0.84131316910235
     0.246119157593907	-9.57463795157266e-315	 6.69288677281205e-306	    -0.938732933887651

arm: panda_right
eval(before): 100
del_phi.norm(): 100
    0.630215574188867	6.58995180669572e-309	2.28462580216783e-304	                    0
    0.630215573926693	6.58995169731498e-309	2.28461680354223e-304	    -1.81153147386404
    0.630215574975393	6.58987622582312e-309	2.28461496159422e-304	     2.23350990066044
     0.63021557471322	6.58990260510726e-309	2.28460479715311e-304	    -1.78647195782806
     0.63021557480061	6.58990263418484e-309	2.28458027655988e-304	    -3.62751520680362
     0.63021557427626	6.58990261289835e-309	 2.2845712779365e-304	     3.79059403262142
     0.63021557427626	6.58989574772597e-314	2.28456103577165e-304	    -2.12257778489051

arm: panda_top
eval(before): 100
del_phi.norm(): 100
    -0.876334731748646	-6.29502050375026e-309	-1.56389233364421e-305	                     0
    -0.876334731384083	-6.29502035165375e-309	-1.56416771136791e-305	      2.41416938599272
    -0.876334732842334	-6.29503847640347e-309	-1.56455334096665e-305	       0.8710415821982
     -0.87633473247777	-6.29504842988765e-309	-1.56479245521179e-305	       3.3080221939209
    -0.876334732599292	-6.29504846300272e-309	-1.56507377098328e-305	     0.633588421833466
    -0.876334731870168	-6.29504843132973e-309	-1.56534914998577e-305	       2.0509432713424
    -0.876334731870168	 -6.2950302112767e-314	 -1.5655858470986e-305	     -2.50033926178489

iteration: 10

arm: panda_left
eval(before): 100
del_phi.norm(): 100
     0.361254931815335	-3.07261405357886e-309	-3.90774279095165e-305	                     0
      0.36125493166505	-3.07261411627698e-309	-3.90763427520845e-305	      1.99096396292253
     0.361254932266191	-3.07263172944001e-309	-3.90762369471988e-305	      1.23849455643282
     0.361254932115906	-3.07268430371229e-309	-3.90747400961818e-305	      1.57951088745469
     0.361254932166001	-3.07268428616584e-309	-3.90745243873755e-305	     -1.96868925746613
      0.36125493186543	-3.07268430661423e-309	-3.90734392167495e-305	     -1.68132228985141
      0.36125493186543	-3.07269457744489e-314	-3.90719149024443e-305	    -0.894476169103921

arm: panda_right
eval(before): 100
del_phi.norm(): 100
    0.726480773700386	8.33237078816325e-309	1.19348612149856e-304	                    0
    0.726480773398164	8.33237066207421e-309	1.19345830292179e-304	    -2.92787704813683
    0.726480774607054	8.33225344774111e-309	1.19344323217645e-304	     3.39250465478665
    0.726480774304833	8.33229437447888e-309	1.19341178368661e-304	     -3.1576762276166
    0.726480774405572	8.33229439968894e-309	 1.1933706397316e-304	    -5.33786303561072
    0.726480773801128	8.33229437069853e-309	1.19334282082513e-304	     5.51263600558133
    0.726480773801128	8.33229457401048e-314	1.19331113041164e-304	    -3.10707762969659

arm: panda_top
eval(before): 100
del_phi.norm(): 100
     -1.08773570551572	-1.50780268007317e-308	  1.7590518016071e-304	                     0
     -1.08773570506321	-1.50780266119443e-308	 1.75902990787768e-304	      4.32798893400833
     -1.08773570687324	 -1.5078052391257e-308	 1.75901105871126e-304	      3.80342626086561
     -1.08773570642073	-1.50780599448009e-308	 1.75899225986301e-304	      3.43499121566783
     -1.08773570657157	-1.50780599874687e-308	 1.75894765993346e-304	      1.06641677734396
     -1.08773570566656	-1.50780599460443e-308	 1.75892576601842e-304	      4.01055114810541
     -1.08773570566656	 -1.5078040665221e-313	 1.75890717353314e-304	     -3.07765104943292

