iteration: 1

arm: panda_left
eval(before): 100
del_phi.norm(): 100
   -0.0158500962101619	-9.64806457536706e-307	-2.52017846473395e-306	                     0
   -0.0158500962101608	-9.64806457533649e-307	-2.52017846473094e-306	     0.327750848110727
   -0.0158500962101611	-9.64806457530649e-307	-2.74898261663045e-306	   0.00196845188617241
   -0.0158500962101592	-9.64806457534312e-307	-2.67868721551183e-306	     0.168268166309648
   -0.0158500962101619	  -9.648064575337e-307	-3.02702310503794e-306	  -0.00101060848893088
   -0.0158500962101603	-9.64806457535536e-307	-3.02702310503794e-306	     0.105730988308486
   -0.0158500962101608	-9.64806457587232e-312	-2.95204134383534e-306	 -0.000635013958201575

arm: panda_right
eval(before): 100
del_phi.norm(): 100
   0.0223926043779071	1.34538769004788e-306	4.75301331063472e-306	                    0
   0.0223926043779056	1.34538769004356e-306	4.75301331062167e-306	   -0.459950462691245
    0.022392604377906	1.34538769003927e-306	5.07374064731747e-306	 -0.00652960260484425
   0.0223926043779033	1.34538769004444e-306	 4.9742881636272e-306	   -0.236139803745628
   0.0223926043779071	1.34538769004357e-306	5.46348525900635e-306	  0.00335231552681337
   0.0223926043779049	1.34538769004617e-306	5.46348525900462e-306	   -0.148378005041383
   0.0223926043779056	1.34538769014863e-311	5.35740260972417e-306	  0.00210642120577704

arm: panda_top
eval(before): 100
del_phi.norm(): 100
  -0.00654250816774512	-3.80581232511176e-307	-3.21440543997113e-306	                     0
  -0.00654250816774468	-3.80581232509913e-307	-3.21440543997189e-306	     0.132199614580519
  -0.00654250816774479	-3.80581232508614e-307	-3.30632862475702e-306	   0.00456115071867176
  -0.00654250816774403	-3.80581232510128e-307	-3.27717154218493e-306	      0.06787163743598
  -0.00654250816774512	-3.80581232509875e-307	-3.41803274803439e-306	  -0.00234170703788246
  -0.00654250816774447	-3.80581232510633e-307	-3.41803274803437e-306	    0.0426470167328967
  -0.00654250816774468	-3.80581232518411e-312	-3.38693185996056e-306	  -0.00147140724757546

iteration: 2

arm: panda_left
eval(before): 100
del_phi.norm(): 100
   -0.0164943963829219	-1.87250691500198e-306	 2.48662925700297e-306	                     0
   -0.0164943963829208	 -1.8725069149988e-306	 2.48104700871136e-306	      0.57055075828272
   -0.0164943963829211	-1.87250691499585e-306	 2.03291014074533e-306	   -0.0207155709621462
   -0.0164943963829191	-1.87250691499577e-306	 2.12667898373719e-306	     0.305851797276472
   -0.0164943963829219	-1.87250691499461e-306	 1.48411974206583e-306	   -0.0344914521278897
   -0.0164943963829202	-1.87250691499829e-306	 1.47853749376793e-306	     0.187242141822695
   -0.0164943963829208	-1.87250691502411e-311	 1.57892974285209e-306	   -0.0406612594461578

arm: panda_right
eval(before): 100
del_phi.norm(): 100
   0.0340643010452949	2.78082890113613e-306	6.59054882030592e-306	                    0
   0.0340643010452927	2.78082890112956e-306	6.57877663722195e-306	   -0.821887618675993
   0.0340643010452933	 2.7808289011137e-306	7.08081983274647e-306	    0.296166169733623
   0.0340643010452892	2.78082890111971e-306	6.92622347565988e-306	   -0.329546198898214
   0.0340643010452949	2.78082890111839e-306	7.61642501734227e-306	   -0.199729654567925
   0.0340643010452915	2.78082890112314e-306	7.60465283427687e-306	   -0.155588041741118
   0.0340643010452927	2.78082890066457e-311	 7.4405348655796e-306	   -0.130443563986342

arm: panda_top
eval(before): 100
del_phi.norm(): 100
    -0.017569904662373	 -1.2473746714197e-306	-1.07003045746341e-306	                     0
   -0.0175699046623718	-1.24737467141631e-306	-1.07120742302563e-306	     0.318169652655554
   -0.0175699046623721	-1.24737467141195e-306	-1.29725447217774e-306	   -0.0862668932669034
     -0.01756990466237	-1.24737467141729e-306	-1.25443300443501e-306	     0.173692982805385
    -0.017569904662373	-1.24737467141612e-306	-1.57652729615841e-306	     0.029708376195748
   -0.0175699046623712	 -1.2473746714183e-306	-1.57770426171217e-306	     0.111641084150049
   -0.0175699046623718	-1.24737467161084e-311	-1.53194956508399e-306	    0.0124347806417004

iteration: 3

arm: panda_left
eval(before): 100
del_phi.norm(): 100
   -0.0108422726618425	-2.31343443171453e-306	 1.07531926445791e-305	                     0
   -0.0108422726618418	-2.31343443171245e-306	 1.07367169554537e-305	     0.792125148151606
    -0.010842272661842	-2.31343443170997e-306	 1.01188722498761e-305	     0.127561760641205
   -0.0108422726618407	-2.31343443170891e-306	 1.02562333602458e-305	     0.373487674471716
   -0.0108422726618425	-2.31343443170794e-306	 9.39938361703258e-306	     -0.14888619440504
   -0.0108422726618414	 -2.3134344317115e-306	 9.38290792790649e-306	     0.196491891093734
   -0.0108422726618418	-2.31343443224991e-311	 9.53052482491354e-306	    -0.117306766679293

arm: panda_right
eval(before): 100
del_phi.norm(): 100
   0.0476733499825992	4.26554411431711e-306	7.77527438404046e-306	                    0
    0.047673349982596	4.26554411430792e-306	7.74889925109894e-306	    -1.17167804696313
   0.0476733499825968	 4.2655441142786e-306	8.39593516999355e-306	    0.677572721076331
   0.0476733499825911	 4.2655441142851e-306	8.19136912052479e-306	   -0.392682777363093
   0.0476733499825992	4.26554411428673e-306	8.93005292157447e-306	   -0.409766880868027
   0.0476733499825944	4.26554411429035e-306	8.90367778864316e-306	  -0.0853562796475786
    0.047673349982596	4.26554411397759e-311	8.68723234473884e-306	   -0.240021708232425

arm: panda_top
eval(before): 100
del_phi.norm(): 100
   -0.0368310773207566	-2.59099616914075e-306	 4.43792237233266e-306	                     0
   -0.0368310773207541	-2.59099616913363e-306	 4.43939101479848e-306	     0.520103002466334
   -0.0368310773207547	-2.59099616912309e-306	 4.06345217277623e-306	    -0.270237770847394
   -0.0368310773207505	-2.59099616913644e-306	  4.0964967188442e-306	      0.31738212715257
   -0.0368310773207566	-2.59099616913233e-306	  3.5750840785808e-306	     0.094797008263871
   -0.0368310773207529	-2.59099616913863e-306	 3.57655272106004e-306	     0.216489598041278
   -0.0368310773207541	-2.59099616964866e-311	 3.61170232736537e-306	    0.0265388235223226

iteration: 4

arm: panda_left
eval(before): 100
del_phi.norm(): 100
   0.00169738241322259	-2.14364572385039e-306	 2.66866102461877e-305	                     0
   0.00169738241322243	-2.14364572385072e-306	 2.66535039068085e-305	      1.07486586086878
   0.00169738241322243	-2.14364572385331e-306	 2.60379144094107e-305	     0.547124861721922
   0.00169738241322232	-2.14364572384616e-306	 2.62851892471048e-305	     0.231992325589183
   0.00169738241322259	-2.14364572384493e-306	 2.54004499985244e-305	    -0.278546052814827
   0.00169738241322241	-2.14364572384802e-306	 2.53673436591508e-305	    0.0575063138954849
   0.00169738241322243	-2.14364572527972e-311	 2.56333105753324e-305	    -0.154902010884477

arm: panda_right
eval(before): 100
del_phi.norm(): 100
   0.0729836030817989	5.85896470310739e-306	1.11046069129891e-305	                    0
    0.072983603081794	5.85896470309332e-306	  1.106120688213e-305	    -1.51109634248732
   0.0729836030817953	5.85896470307232e-306	 1.1832118483865e-305	     1.06851218263095
   0.0729836030817866	5.85896470307461e-306	  1.158106549785e-305	   -0.454639963415318
   0.0729836030817989	5.85896470307969e-306	1.22833211771029e-305	   -0.617808197052203
   0.0729836030817916	5.85896470308623e-306	 1.2239921146262e-305	   0.0301493749106096
    0.072983603081794	5.85896470233253e-311	1.19750246299264e-305	   -0.323557362201682

arm: panda_top
eval(before): 100
del_phi.norm(): 100
   -0.0746809854950216	-4.92019734226664e-306	 4.58903558821957e-306	                     0
   -0.0746809854950164	 -4.9201973422522e-306	 4.62636735654535e-306	      0.72557401360933
   -0.0746809854950177	-4.92019734223492e-306	 4.11894429703374e-306	    -0.673396742985101
   -0.0746809854950089	-4.92019734225245e-306	 4.10752013784173e-306	      0.52581826704928
   -0.0746809854950216	-4.92019734224505e-306	  3.3444740881829e-306	     0.259788847260057
    -0.074680985495014	-4.92019734225651e-306	 3.38180585650968e-306	     0.417366240214198
   -0.0746809854950164	-4.92019734217964e-311	 3.36713130214178e-306	    0.0329827103147789

iteration: 5

arm: panda_left
eval(before): 100
del_phi.norm(): 100
    0.0516800793363992	-6.26728514988701e-307	 5.42030964374853e-305	                     0
    0.0516800793363956	-6.26728514998693e-307	 5.41737773767718e-305	      1.28807118082546
    0.0516800793363965	 -6.2672851502885e-307	 5.39851011123756e-305	       1.0440463910396
    0.0516800793363904	-6.26728515009484e-307	 5.44202410705625e-305	    -0.210925103104021
    0.0516800793363992	-6.26728515004403e-307	 5.38532641091821e-305	    0.0688176304825291
     0.051680079336394	-6.26728515000884e-307	  5.3823945048499e-305	    -0.141856662221925
    0.0516800793363956	-6.26728517173668e-312	 5.42900489412811e-305	    0.0765808143245007

arm: panda_right
eval(before): 100
del_phi.norm(): 100
    0.125973472886908	8.38016155233438e-306	1.19328384756663e-305	                    0
    0.125973472886899	8.38016155231006e-306	1.19089369040871e-305	    -1.86770511004264
    0.125973472886901	8.38016155227871e-306	1.27398955090202e-305	     1.45193079926409
    0.125973472886887	8.38016155229575e-306	1.25303818629891e-305	   -0.455094443513868
    0.125973472886908	8.38016155229839e-306	1.29428171945322e-305	   -0.893172819086338
    0.125973472886895	  8.380161552312e-306	1.29189156229318e-305	    0.265446048777817
    0.125973472886899	8.38016155225746e-311	1.26970278386347e-305	    -0.33866606790143

arm: panda_top
eval(before): 100
del_phi.norm(): 100
    -0.177653552223306	-9.65488933569331e-306	-1.84892807278453e-305	                     0
    -0.177653552223294	-9.65488933565898e-306	-1.82682206383179e-305	      1.01115050078826
    -0.177653552223297	-9.65488933561256e-306	-1.86123568105659e-305	     -1.40975309323465
    -0.177653552223276	-9.65488933564319e-306	-1.86430171167103e-305	     0.721303953297649
    -0.177653552223306	-9.65488933563483e-306	-1.96886077451166e-305	     0.699917088940401
    -0.177653552223288	 -9.6548893356556e-306	-1.94675476556888e-305	     0.853264920379285
    -0.177653552223294	-9.65488933630521e-311	-1.95149893214894e-305	   -0.0693624853114263

iteration: 6

arm: panda_left
eval(before): 100
del_phi.norm(): 100
    0.164553385922299	1.53529144916874e-306	6.47799970204763e-305	                    0
    0.164553385922287	1.53529144913695e-306	6.48804116231593e-305	     1.52481925893216
     0.16455338592229	1.53529144908259e-306	6.53797317184372e-305	     1.47634555128546
     0.16455338592227	1.53529144912701e-306	6.61517069422101e-305	   -0.227212249163387
    0.164553385922299	1.53529144912569e-306	6.61587590903364e-305	     1.04635427998223
    0.164553385922282	1.53529144914225e-306	6.62591736930744e-305	   0.0831329635501749
    0.164553385922287	1.53529144678092e-311	6.70759196248959e-305	    0.512135483751549

arm: panda_right
eval(before): 100
del_phi.norm(): 100
    0.246585862403376	1.39655734203325e-305	2.84988509985698e-305	                    0
    0.246585862403359	1.39655734202849e-305	2.86798486039977e-305	    -2.45271009150433
    0.246585862403363	1.39655734202206e-305	2.96011753587027e-305	     1.65604351625529
    0.246585862403334	1.39655734202626e-305	2.97307493161577e-305	   -0.335981101185694
    0.246585862403376	1.39655734202667e-305	2.93411883108405e-305	    -1.46702083342254
    0.246585862403351	1.39655734202992e-305	2.95221859162731e-305	    0.797876495858845
    0.246585862403359	1.39655734184334e-310	2.96483316305776e-305	    -0.20554888969624

arm: panda_top
eval(before): 100
del_phi.norm(): 100
    -0.411139248325673	-1.59935453842705e-305	 7.04339482696238e-306	                     0
    -0.411139248325645	-1.59935453841911e-305	 7.57722424207742e-306	      1.54660457534418
    -0.411139248325652	-1.59935453840936e-305	 7.83375670211562e-306	       -1.601930065353
    -0.411139248325604	-1.59935453841742e-305	 7.97061971292838e-306	     0.597995924446776
    -0.411139248325673	-1.59935453841551e-305	 7.03139488620173e-306	      1.29592758201618
    -0.411139248325632	-1.59935453841906e-305	 7.56522430107576e-306	      1.37156885311153
    -0.411139248325645	-1.59935453876193e-310	 7.67562288496446e-306	     -0.49758793970357

iteration: 7

arm: panda_left
eval(before): 100
del_phi.norm(): 100
    0.288562441327583	2.09095056804864e-306	6.00322573927862e-305	                    0
    0.288562441327563	 2.0909505679929e-306	 6.0230255932457e-305	     1.71811452266311
    0.288562441327568	2.09095056790151e-306	6.12459509829872e-305	     1.67109958374181
    0.288562441327534	2.09095056796976e-306	 6.2164434538605e-305	   -0.711792566228389
    0.288562441327583	2.09095056796396e-306	6.28661819110341e-305	     2.11200480402575
    0.288562441327553	2.09095056799544e-306	6.30641804508611e-305	    0.100808489929224
    0.288562441327563	2.09095056691947e-311	6.40306963407938e-305	     0.32025232857011

arm: panda_right
eval(before): 100
del_phi.norm(): 100
    0.426447565011863	2.90889807943941e-305	1.22360930030527e-304	                    0
    0.426447565011835	2.90889807943119e-305	1.22641062177429e-304	    -5.03116882913844
    0.426447565011841	2.90889807941999e-305	1.23544155088501e-304	     1.18455238533201
    0.426447565011792	2.90889807942663e-305	1.23806030937773e-304	    0.532488870348322
    0.426447565011863	2.90889807942673e-305	1.20626097041314e-304	    -2.97863597625278
    0.426447565011821	2.90889807943272e-305	1.20906229188227e-304	     1.35435010329951
    0.426447565011835	2.90889807961769e-310	1.21166887951027e-304	     1.17540834151662

arm: panda_top
eval(before): 100
del_phi.norm(): 100
    -0.715010006339445	-3.41203746363111e-305	 1.47161051377535e-304	                     0
    -0.715010006339397	-3.41203746361731e-305	 1.49269926287265e-304	       3.8566745728294
    -0.715010006339408	  -3.412037463601e-305	 1.50091543088996e-304	     0.615725609438848
    -0.715010006339325	-3.41203746361442e-305	 1.51487399906979e-304	      1.62037897721523
    -0.715010006339445	-3.41203746361169e-305	 1.50049746967137e-304	      2.40527970339638
    -0.715010006339374	-3.41203746361917e-305	 1.52158621876846e-304	      1.78514404565765
    -0.715010006339397	-3.41203746471154e-310	 1.53506944155306e-304	      -1.3454054248806

