 -0.553889 -0.0016202  0.0730879
  -0.553892 -0.00161664   0.0730888
  -0.553889 -0.00161721   0.0730876
  -0.553892 -0.00161745   0.0730891
  -0.553892 -0.00161755   0.0730892
   -0.55389 -0.00161875   0.0730884
  -0.553892 -0.00161803   0.0730898
  -0.553891 -0.00162019     0.07309
  -0.553891 -0.00162253   0.0730898
  -0.553893 -0.00162179   0.0730912
  -0.553893 -0.00161993   0.0730909
  -0.553889 -0.00162117   0.0730868
  -0.553892 -0.00162211   0.0730894
  -0.553891 -0.00162029   0.0730896
  -0.553891 -0.00161923   0.0730905
  -0.553893 -0.00162167   0.0730919
  -0.553891 -0.00162435   0.0730899
  -0.553893 -0.00162058   0.0730917
  -0.553891 -0.00162243   0.0730898
  -0.553892 -0.00162299   0.0730906
 -0.553892 -0.0016247  0.0730913
  -0.553892 -0.00162281   0.0730899
  -0.553891 -0.00162248   0.0730887
  -0.553892 -0.00162596   0.0730905
  -0.553891 -0.00162233   0.0730906
  -0.553891 -0.00162447   0.0730895
  -0.553892 -0.00162904   0.0730913
   -0.55389 -0.00162686   0.0730888
  -0.553891 -0.00162958   0.0730905
  -0.553893 -0.00162991   0.0730933
  -0.553891 -0.00163146   0.0730919
  -0.553891 -0.00162979    0.073091
-0.553894  -0.00163  0.073095
  -0.553893 -0.00163087   0.0730917
  -0.553892 -0.00163371   0.0730922
  -0.553891 -0.00163652   0.0730935
  -0.553891 -0.00163752    0.073092
  -0.553892 -0.00163851   0.0730922
  -0.553891 -0.00163678    0.073092
  -0.553892 -0.00163938   0.0730936
  -0.553892 -0.00164056    0.073093
  -0.553891 -0.00163753   0.0730931
  -0.553893 -0.00163671   0.0730966
  -0.553893 -0.00163892   0.0730953
 -0.553893 -0.0016399  0.0730959
  -0.553891 -0.00163391   0.0730922
 -0.553892 -0.0016325   0.073094
  -0.553891 -0.00163484    0.073093
   -0.55389 -0.00163591   0.0730909
  -0.55389 -0.0016358  0.0730922
 -0.553891 -0.0016339  0.0730907
 -0.553891 -0.0016327   0.073091
   -0.55389 -0.00163303   0.0730908
   -0.55389 -0.00163502   0.0730905
  -0.553891 -0.00163275   0.0730922
  -0.553888 -0.00163447   0.0730892
  -0.553889 -0.00163623   0.0730897
   -0.55389 -0.00163584   0.0730907
  -0.553892 -0.00163441   0.0730928
  -0.553891 -0.00163289   0.0730914
  -0.553892 -0.00163356   0.0730939
  -0.553891 -0.00163254    0.073091
  -0.553892 -0.00163547   0.0730923
   -0.55389 -0.00163119   0.0730889
 -0.553891 -0.0016316  0.0730914
   -0.55389 -0.00163095   0.0730907
  -0.553891 -0.00162966   0.0730911
  -0.553892 -0.00163438   0.0730924
  -0.553891 -0.00163163   0.0730916
  -0.553891 -0.00163238   0.0730916
  -0.553892 -0.00163224   0.0730933
  -0.553893 -0.00163176    0.073095
  -0.553891 -0.00163149   0.0730924
  -0.553894 -0.00163166   0.0730953
  -0.553891 -0.00163275   0.0730906
  -0.553891 -0.00163446   0.0730934
  -0.553894 -0.00163648   0.0730953
  -0.553892 -0.00163207   0.0730923
  -0.553895 -0.00163116   0.0730973
  -0.553893 -0.00163257   0.0730949
  -0.553894 -0.00163815   0.0730975
  -0.553893 -0.00163633   0.0730959
 -0.553893 -0.0016356  0.0730952
 -0.553893 -0.0016355  0.0730953
  -0.553893 -0.00163846   0.0730948
  -0.553894 -0.00164101   0.0730968
  -0.553895 -0.00163867   0.0730994
  -0.553895 -0.00163912   0.0730984
  -0.553894 -0.00164284   0.0730975
  -0.553895 -0.00164163   0.0730975
  -0.553896 -0.00164115   0.0731002
  -0.553895 -0.00164125   0.0730974
  -0.553895 -0.00163938   0.0730977
  -0.553895 -0.00164361   0.0730993
  -0.553894 -0.00164473   0.0730981
  -0.553892 -0.00164486   0.0730957
  -0.553893 -0.00164392   0.0730958
  -0.553893 -0.00164562    0.073097
  -0.553893 -0.00164409   0.0730968
  -0.553894 -0.00164387   0.0730986
  -0.553892 -0.00164727    0.073096
  -0.553892 -0.00164235   0.0730958
  -0.553894 -0.00164386   0.0730955
  -0.553892 -0.00164341   0.0730957
  -0.553893 -0.00164389   0.0730973
  -0.553891 -0.00164256   0.0730947
  -0.553891 -0.00164261   0.0730936
  -0.553892 -0.00164468   0.0730949
  -0.553892 -0.00164362    0.073095
 -0.553892 -0.0016426   0.073094
 -0.553892 -0.0016425  0.0730941
  -0.553892 -0.00164168   0.0730937
   -0.55389 -0.00163828   0.0730916
  -0.553892 -0.00163891    0.073095
   -0.55389 -0.00163838   0.0730918
  -0.553892 -0.00163796   0.0730929
  -0.553888 -0.00164101   0.0730912
   -0.55389 -0.00163729   0.0730909
   -0.55389 -0.00163811   0.0730908
 -0.553889 -0.0016379  0.0730892
  -0.553889 -0.00163613   0.0730887
  -0.553891 -0.00163438    0.073092
  -0.553891 -0.00163479   0.0730914
  -0.553893 -0.00163719   0.0730946
  -0.553891 -0.00163424   0.0730916
 -0.553891 -0.0016343  0.0730909
  -0.553889 -0.00163437   0.0730867
  -0.553887 -0.00163289   0.0730879
  -0.553888 -0.00163419   0.0730872
  -0.553889 -0.00163366    0.073089
  -0.553888 -0.00163404   0.0730878
  -0.553889 -0.00163092   0.0730887
  -0.553887 -0.00163321    0.073086
  -0.553889 -0.00163426   0.0730882
   -0.55389 -0.00163431   0.0730886
  -0.553888 -0.00163373   0.0730871
  -0.553887 -0.00163415   0.0730857
 -0.553889 -0.0016342  0.0730875
  -0.553887 -0.00163361   0.0730861
  -0.553888 -0.00163148   0.0730871
  -0.553887 -0.00163209   0.0730857
  -0.553887 -0.00163397   0.0730869
  -0.553889 -0.00163186   0.0730875
  -0.553888 -0.00163322   0.0730866
  -0.553889 -0.00163158   0.0730883
  -0.553888 -0.00163258   0.0730868
 -0.553888 -0.0016332  0.0730867
  -0.553888 -0.00163281   0.0730871
  -0.553888 -0.00163002   0.0730869
  -0.553889 -0.00162964   0.0730872
  -0.553889 -0.00163041   0.0730879
  -0.553889 -0.00163161    0.073088
  -0.553889 -0.00163409   0.0730883
  -0.553889 -0.00162899   0.0730875
  -0.553889 -0.00162775   0.0730867
  -0.553888 -0.00162802   0.0730861
  -0.553888 -0.00162548   0.0730862
  -0.553889 -0.00162333   0.0730859
 -0.553889 -0.0016245  0.0730863
  -0.553888 -0.00162521   0.0730856
  -0.553888 -0.00162316    0.073085
  -0.553889 -0.00162256   0.0730866
-0.553888 -0.001623 0.0730845
  -0.553891 -0.00162272   0.0730864
  -0.553888 -0.00162024   0.0730834
  -0.553889 -0.00162038   0.0730835
  -0.553888 -0.00161722   0.0730832
   -0.55389 -0.00162026    0.073084
  -0.553891 -0.00162064   0.0730858
  -0.553888 -0.00162047   0.0730812
  -0.553888 -0.00161847    0.073081
  -0.553889 -0.00161702    0.073082
  -0.553889 -0.00161801   0.0730832
  -0.553891 -0.00161754   0.0730836
  -0.553892 -0.00161354   0.0730862
  -0.55389 -0.0016184  0.0730831
  -0.55389 -0.0016167  0.0730831
   -0.55389 -0.00161566   0.0730828
  -0.553891 -0.00161706   0.0730852
   -0.55389 -0.00161559   0.0730815
   -0.55389 -0.00161632   0.0730824
  -0.553891 -0.00161617    0.073083
  -0.553889 -0.00161836   0.0730826
  -0.553891 -0.00161691    0.073083
  -0.553891 -0.00161686   0.0730822
  -0.553891 -0.00161699   0.0730807
  -0.553889 -0.00161584   0.0730806
   -0.55389 -0.00161573    0.073082
  -0.553891 -0.00161635   0.0730837
   -0.55389 -0.00161587   0.0730813
  -0.553889 -0.00161409   0.0730812
  -0.553891 -0.00161952   0.0730819
   -0.55389 -0.00161293   0.0730807
   -0.55389 -0.00161416   0.0730809
  -0.55389 -0.0016132  0.0730809
   -0.55389 -0.00161457   0.0730809
-0.553891 -0.001612 0.0730817
   -0.55389 -0.00161494   0.0730801
  -0.553892 -0.00161638   0.0730836
   -0.55389 -0.00161175   0.0730808
  -0.553891 -0.00161179   0.0730805
  -0.553889 -0.00161285   0.0730799
  -0.553889 -0.00161411   0.0730803
  -0.553889 -0.00161484   0.0730786
  -0.553888 -0.00161403   0.0730773
  -0.553889 -0.00161579   0.0730796
  -0.553889 -0.00161191    0.073079
  -0.553888 -0.00161302   0.0730783
  -0.553887 -0.00161432   0.0730774
  -0.553887 -0.00161223    0.073077
   -0.55389 -0.00161124   0.0730778
  -0.553888 -0.00161266   0.0730774
  -0.553888 -0.00161154    0.073078
  -0.553887 -0.00161346    0.073076
  -0.553889 -0.00161248   0.0730782
  -0.553887 -0.00161021   0.0730764
  -0.553885 -0.00161288   0.0730738
  -0.553887 -0.00161098    0.073075
  -0.553884 -0.00160721   0.0730714
  -0.553884 -0.00160724   0.0730719
  -0.553883 -0.00161062   0.0730711
  -0.553882 -0.00160881   0.0730678
  -0.553881 -0.00160741   0.0730675
  -0.553882 -0.00160751   0.0730681
  -0.553881 -0.00160748   0.0730672
  -0.553881 -0.00160599   0.0730673
   -0.55388 -0.00160671   0.0730645
  -0.553879 -0.00161072   0.0730645
  -0.553879 -0.00160583   0.0730643
   -0.55388 -0.00160215   0.0730647
  -0.553878 -0.00160557   0.0730625
  -0.553876 -0.00160096   0.0730611
 -0.553877 -0.0016016  0.0730601
  -0.553875 -0.00160509   0.0730589
  -0.553876 -0.00160171   0.0730597
  -0.553875 -0.00159996   0.0730598
  -0.553872 -0.00160566    0.073056
 -0.553872 -0.0016009  0.0730575
 -0.553872 -0.0016021  0.0730567
  -0.553871 -0.00160279   0.0730541
  -0.553881 -0.00160054   0.0730565
  -0.553886 -0.00159979   0.0730567
  -0.553888 -0.00159775   0.0730577
  -0.553892 -0.00159368   0.0730577
  -0.553897 -0.00159056   0.0730573
  -0.553898 -0.00158847   0.0730558
  -0.553901 -0.00158671   0.0730562
  -0.55391 -0.0015864  0.0730567
  -0.553912 -0.00158419   0.0730579
  -0.553913 -0.00158758   0.0730579
  -0.553927 -0.00158484   0.0730582
   -0.55393 -0.00158386   0.0730566
  -0.553938 -0.00158223   0.0730567
  -0.553938 -0.00158147   0.0730557
  -0.553942 -0.00158096   0.0730542
  -0.553944 -0.00158155   0.0730531
  -0.553957 -0.00157883   0.0730543
 -0.553971 -0.0015785  0.0730546
  -0.553973 -0.00157971   0.0730541
-0.553987 -0.001584 0.0730551
  -0.553987 -0.00158604    0.073055
  -0.553995 -0.00159354   0.0730564
  -0.553997 -0.00159481   0.0730531
  -0.554002 -0.00159665   0.0730557
 -0.554008 -0.0016034  0.0730566
  -0.554008 -0.00160279   0.0730564
  -0.554014 -0.00160586   0.0730559
  -0.554018 -0.00160744   0.0730547
  -0.554027 -0.00161682   0.0730539
  -0.554032 -0.00161958   0.0730551
  -0.554036 -0.00162429    0.073052
  -0.554038 -0.00163005   0.0730522
  -0.554043 -0.00163391   0.0730546
  -0.554048 -0.00163568   0.0730541
  -0.554055 -0.00163911   0.0730564
   -0.55406 -0.00164404   0.0730556
 -0.554064 -0.0016408  0.0730544
  -0.554068 -0.00164539   0.0730536
  -0.554078 -0.00166583   0.0730556
  -0.554098 -0.00167291   0.0730549
  -0.554101 -0.00167338   0.0730522
  -0.554106 -0.00167665   0.0730529
  -0.554112 -0.00169069   0.0730521
  -0.554122 -0.00170352   0.0730516
  -0.554137 -0.00171799   0.0730485
  -0.554145 -0.00172264   0.0730489
  -0.554147 -0.00172196   0.0730489
  -0.554162 -0.00172889   0.0730499
  -0.554172 -0.00173046   0.0730493
  -0.554182 -0.00173716   0.0730483
-0.554198 -0.001755 0.0730463
  -0.554214 -0.00177427   0.0730513
  -0.554215 -0.00177561   0.0730516
  -0.554216 -0.00177822   0.0730498
  -0.554221 -0.00178115   0.0730522
  -0.554221 -0.00178219   0.0730515
 -0.554234 -0.0017995  0.0730494
  -0.554237 -0.00180118   0.0730531
  -0.554241 -0.00180821   0.0730512
   -0.55425 -0.00180369   0.0730533
 -0.554249 -0.0018068  0.0730505
  -0.554254 -0.00181622    0.073051
  -0.554252 -0.00181725   0.0730496
  -0.554254 -0.00182204   0.0730515
 -0.554252 -0.0018246  0.0730506
  -0.554253 -0.00182353   0.0730521
  -0.554253 -0.00182726    0.073052
  -0.554253 -0.00182565   0.0730529
  -0.554253 -0.00182878   0.0730523
  -0.554253 -0.00182797   0.0730521
  -0.554256 -0.00182902   0.0730556
  -0.554256 -0.00183038   0.0730535
  -0.554259 -0.00183043   0.0730554
  -0.554256 -0.00183033   0.0730527
 -0.554256 -0.0018311  0.0730521
  -0.554259 -0.00183082   0.0730547
   -0.55426 -0.00183392   0.0730559
  -0.554259 -0.00183286   0.0730548
 -0.554257 -0.0018325  0.0730512
  -0.55426 -0.0018348  0.0730563
  -0.55426 -0.0018337  0.0730554
  -0.554261 -0.00183294   0.0730564
  -0.554259 -0.00183197   0.0730528
  -0.554261 -0.00183216    0.073055
   -0.55426 -0.00183528   0.0730546
   -0.55426 -0.00183385    0.073053
   -0.55426 -0.00183235    0.073053
   -0.55426 -0.00183201   0.0730525
 -0.554262 -0.0018328  0.0730548
  -0.554263 -0.00183571   0.0730548
   -0.55426 -0.00183477   0.0730533
  -0.554261 -0.00183828   0.0730537
  -0.554261 -0.00183298   0.0730528
  -0.554263 -0.00183546   0.0730547
  -0.554264 -0.00183575   0.0730575
  -0.554261 -0.00183361   0.0730547
 -0.554263 -0.0018343   0.073055
 -0.554262 -0.0018345   0.073054
  -0.554262 -0.00183478   0.0730545
  -0.554262 -0.00183378   0.0730546
  -0.554262 -0.00183659   0.0730531
  -0.554262 -0.00183524   0.0730538
  -0.554263 -0.00183385   0.0730542
  -0.554261 -0.00183359   0.0730539
   -0.55426 -0.00183579   0.0730524
  -0.554262 -0.00183485   0.0730536
  -0.554261 -0.00183329   0.0730539
   -0.55426 -0.00183323   0.0730539
   -0.55426 -0.00183369   0.0730529
   -0.55426 -0.00183382   0.0730537
   -0.55426 -0.00183921   0.0730544
   -0.55426 -0.00184052   0.0730555
  -0.554258 -0.00184077   0.0730537
  -0.554259 -0.00184059   0.0730563
  -0.554254 -0.00184018   0.0730514
  -0.554256 -0.00183961   0.0730555
  -0.554257 -0.00184213   0.0730562
  -0.554255 -0.00184068   0.0730539
  -0.554255 -0.00184469   0.0730546
  -0.554256 -0.00184407   0.0730547
  -0.554257 -0.00184285   0.0730516
  -0.554258 -0.00184617    0.073054
  -0.554256 -0.00184635   0.0730518
  -0.554257 -0.00184642   0.0730528
  -0.554257 -0.00184693   0.0730511
  -0.554258 -0.00184513   0.0730525
   -0.55426 -0.00184997   0.0730558
  -0.554258 -0.00184791   0.0730537
 -0.554259 -0.0018479  0.0730536
  -0.554258 -0.00184819   0.0730525
   -0.55426 -0.00184744   0.0730554
   -0.55426 -0.00184637    0.073055
   -0.55426 -0.00185102   0.0730558
  -0.554261 -0.00185125   0.0730559
  -0.554264 -0.00184926   0.0730562
  -0.554267 -0.00184927    0.073055
  -0.554266 -0.00185146   0.0730547
  -0.554271 -0.00184871   0.0730565
   -0.55427 -0.00184636   0.0730548
  -0.554274 -0.00184488   0.0730543
  -0.554277 -0.00184674   0.0730554
  -0.554283 -0.00185211   0.0730536
  -0.554285 -0.00185399   0.0730538
  -0.554285 -0.00185307    0.073055
  -0.554287 -0.00185264   0.0730549
  -0.554291 -0.00184882   0.0730568
  -0.554293 -0.00184791   0.0730578
  -0.554293 -0.00185038   0.0730565
  -0.554295 -0.00185013   0.0730568
  -0.554299 -0.00184793   0.0730562
  -0.554299 -0.00185035   0.0730545
  -0.554299 -0.00185244   0.0730538
  -0.554303 -0.00185001   0.0730571
  -0.554306 -0.00185041   0.0730561
  -0.554308 -0.00185001   0.0730563
  -0.554309 -0.00185419   0.0730574
  -0.554312 -0.00185187    0.073056
  -0.554314 -0.00185038   0.0730583
  -0.554319 -0.00185173   0.0730603
  -0.554321 -0.00185292   0.0730595
  -0.554321 -0.00185592   0.0730603
  -0.554327 -0.00185147   0.0730612
  -0.554336 -0.00185377   0.0730621
 -0.554337 -0.0018533  0.0730634
  -0.554339 -0.00185121    0.073064
  -0.55434 -0.0018523  0.0730637
  -0.55434 -0.0018516  0.0730634
   -0.55434 -0.00185445   0.0730637
  -0.554343 -0.00185569   0.0730663
 -0.554342 -0.0018568  0.0730668
  -0.554343 -0.00185084   0.0730662
  -0.554342 -0.00185382   0.0730665
  -0.554343 -0.00185577   0.0730675
  -0.554343 -0.00185204   0.0730675
  -0.554343 -0.00185208   0.0730691
   -0.55434 -0.00185545   0.0730645
  -0.554342 -0.00185172   0.0730651
  -0.554344 -0.00184608   0.0730665
 -0.554343 -0.0018496  0.0730666
  -0.554344 -0.00184622   0.0730681
 -0.554344 -0.0018473  0.0730663
-0.554344 -0.001849  0.073065
  -0.554344 -0.00184715   0.0730655
 -0.554343 -0.0018443  0.0730656
  -0.554344 -0.00184344   0.0730673
  -0.554341 -0.00183928   0.0730648
  -0.554343 -0.00183828   0.0730655
 -0.554339 -0.0018145  0.0730555
  -0.554341 -0.00180116   0.0730566
  -0.554341 -0.00178454   0.0730548
  -0.554338 -0.00175551   0.0730522
   -0.55434 -0.00174056   0.0730515
  -0.554341 -0.00173749   0.0730508
  -0.554339 -0.00172512   0.0730473
  -0.55434 -0.0017112  0.0730488
  -0.55434 -0.0016868  0.0730468
  -0.554342 -0.00167859   0.0730487
   -0.55434 -0.00166892   0.0730459
 -0.554341 -0.0016645  0.0730453
 -0.554341 -0.0016593  0.0730467
  -0.554342 -0.00164302   0.0730459
  -0.554342 -0.00164113   0.0730458
  -0.554339 -0.00163334   0.0730428
   -0.55434 -0.00162568   0.0730453
   -0.55434 -0.00162556   0.0730452
   -0.55434 -0.00162464   0.0730443
  -0.554338 -0.00161253   0.0730405
  -0.554338 -0.00161053   0.0730408
  -0.554336 -0.00159864   0.0730388
  -0.554334 -0.00159053    0.073038
  -0.554332 -0.00158211    0.073036
  -0.554332 -0.00157712   0.0730385
  -0.554331 -0.00157334   0.0730365
   -0.55433 -0.00155223   0.0730364
  -0.554329 -0.00154949   0.0730352
   -0.55433 -0.00154902   0.0730372
  -0.554327 -0.00154918   0.0730361
  -0.554329 -0.00154916   0.0730376
   -0.55433 -0.00154586   0.0730395
  -0.554328 -0.00154104   0.0730374
  -0.554328 -0.00154319   0.0730388
  -0.554328 -0.00154217   0.0730387
  -0.554329 -0.00154266   0.0730418
  -0.554328 -0.00154352   0.0730415
  -0.554328 -0.00154055   0.0730422
  -0.554328 -0.00154012   0.0730416
  -0.554328 -0.00153838   0.0730414
   -0.55433 -0.00154024   0.0730444
  -0.554329 -0.00154307   0.0730431
  -0.554331 -0.00154328   0.0730455
   -0.55433 -0.00154331   0.0730465
  -0.554331 -0.00154942   0.0730502
  -0.554331 -0.00154583   0.0730518
  -0.554328 -0.00155279   0.0730515
  -0.554328 -0.00155595   0.0730519
  -0.554327 -0.00156093   0.0730551
  -0.554329 -0.00156577    0.073057
   -0.55433 -0.00158004   0.0730638
  -0.55433 -0.0015863  0.0730649
  -0.55433 -0.0015896  0.0730666
 -0.554329 -0.0015948   0.073064
  -0.554333 -0.00160419   0.0730698
  -0.554332 -0.00161205     0.07307
  -0.554329 -0.00161481   0.0730692
  -0.554331 -0.00163328   0.0730728
  -0.554331 -0.00164145   0.0730754
  -0.554332 -0.00164223   0.0730758
   -0.55433 -0.00164337   0.0730757
  -0.554333 -0.00165149   0.0730787
  -0.554332 -0.00167913   0.0730838
  -0.554333 -0.00169647   0.0730855
  -0.554335 -0.00170541   0.0730888
  -0.554334 -0.00171035   0.0730875
  -0.554336 -0.00172428   0.0730928
  -0.554336 -0.00173419   0.0730956
   -0.55434 -0.00173658   0.0730993
  -0.554339 -0.00173975    0.073099
   -0.55434 -0.00176699   0.0731101
 -0.554338 -0.0017691  0.0731095
  -0.554336 -0.00177249   0.0731069
  -0.554337 -0.00177548   0.0731096
  -0.554337 -0.00178695   0.0731122
  -0.554335 -0.00178622   0.0731082
  -0.554336 -0.00178838   0.0731105
  -0.554335 -0.00178969   0.0731112
  -0.554333 -0.00179083   0.0731084
  -0.554336 -0.00179183   0.0731118
  -0.554336 -0.00179912    0.073112
  -0.554334 -0.00179796   0.0731103
  -0.554336 -0.00179587   0.0731117
  -0.554336 -0.00180277   0.0731139
  -0.554334 -0.00179943   0.0731129
  -0.554335 -0.00180266    0.073114
  -0.554336 -0.00179925   0.0731153
  -0.554335 -0.00180131   0.0731159
  -0.554333 -0.00179898   0.0731169
 -0.554333 -0.0017962   0.073116
  -0.554334 -0.00179934   0.0731173
 -0.554335 -0.0017999  0.0731173
 -0.554333 -0.0017989   0.073117
  -0.554335 -0.00180156   0.0731187
  -0.554332 -0.00180138     0.07312
   -0.55433 -0.00180112   0.0731193
  -0.554329 -0.00179603   0.0731172
  -0.554328 -0.00178827   0.0731167
  -0.554326 -0.00179057    0.073115
  -0.554322 -0.00179502   0.0731165
  -0.554319 -0.00178917   0.0731228
  -0.554316 -0.00179109   0.0731224
  -0.554314 -0.00179588   0.0731235
   -0.55431 -0.00179352   0.0731213
  -0.554313 -0.00179813   0.0731242
   -0.55431 -0.00179783   0.0731229
  -0.554301 -0.00179642   0.0731203
  -0.554299 -0.00179874   0.0731222
-0.554288 -0.001802 0.0731214
  -0.554281 -0.00180612   0.0731229
   -0.55428 -0.00180727   0.0731246
  -0.554271 -0.00180609   0.0731289
  -0.554267 -0.00180884   0.0731285
  -0.554262 -0.00180754   0.0731264
  -0.554258 -0.00181035   0.0731273
  -0.554257 -0.00181047   0.0731264
  -0.554252 -0.00180733   0.0731261
  -0.554234 -0.00178933   0.0731249
  -0.554229 -0.00170702   0.0730958
  -0.554236 -0.00166998   0.0730824
  -0.554239 -0.00162962    0.073063
 -0.554264 -0.0015593  0.0730546
  -0.554264 -0.00154617   0.0730474
  -0.554267 -0.00153652   0.0730446
  -0.554276 -0.00151393   0.0730365
  -0.554286 -0.00148984   0.0730182
  -0.554289 -0.00149375   0.0730175
   -0.55429 -0.00149355   0.0730169
  -0.554295 -0.00148837   0.0730136
 -0.554296 -0.0014879  0.0730148
  -0.554296 -0.00148803    0.073014
  -0.554283 -0.00147035   0.0730113
  -0.554279 -0.00146819   0.0730095
  -0.554279 -0.00147121   0.0730112
  -0.554276 -0.00147112   0.0730082
  -0.554276 -0.00147297   0.0730109
  -0.554274 -0.00147907   0.0730096
  -0.554273 -0.00148127   0.0730096
  -0.554272 -0.00148593   0.0730109
  -0.554273 -0.00148598    0.073013
  -0.554272 -0.00149124   0.0730137
  -0.554271 -0.00150021   0.0730156
  -0.55427 -0.0014971  0.0730161
  -0.554269 -0.00150046   0.0730169
  -0.554269 -0.00150412   0.0730179
  -0.554269 -0.00150864   0.0730196
  -0.554267 -0.00151234   0.0730186
  -0.554266 -0.00151309   0.0730177
  -0.554265 -0.00151549   0.0730165
 -0.554264 -0.0015153  0.0730158
  -0.554265 -0.00151654   0.0730151
  -0.554267 -0.00151854   0.0730171
  -0.554266 -0.00152129   0.0730152
  -0.554267 -0.00152514   0.0730167
  -0.554268 -0.00152689    0.073016
  -0.554269 -0.00152999   0.0730174
   -0.55427 -0.00153286    0.073017
  -0.554268 -0.00154245    0.073016
  -0.55427 -0.0015425  0.0730172
  -0.554268 -0.00154819   0.0730169
  -0.554271 -0.00154972   0.0730184
  -0.554268 -0.00155417   0.0730152
   -0.55427 -0.00156762   0.0730176
  -0.554271 -0.00156789   0.0730196
   -0.55427 -0.00157276   0.0730195
  -0.554268 -0.00157763   0.0730183
   -0.55427 -0.00158502   0.0730195
   -0.55427 -0.00158656   0.0730189
   -0.55427 -0.00159151   0.0730182
   -0.55427 -0.00159466   0.0730188
  -0.554272 -0.00159205   0.0730203
  -0.554273 -0.00161509   0.0730259
  -0.554272 -0.00162064    0.073027
  -0.554273 -0.00162994   0.0730296
  -0.554275 -0.00163323   0.0730321
  -0.554275 -0.00163661   0.0730337
 -0.554279 -0.0016411   0.073039
  -0.554282 -0.00167842   0.0730467
  -0.554279 -0.00168913   0.0730447
  -0.554279 -0.00169405   0.0730417
  -0.554279 -0.00169862   0.0730406
  -0.554278 -0.00169637   0.0730396
  -0.554281 -0.00170198   0.0730417
  -0.554284 -0.00170198   0.0730447
  -0.554283 -0.00170343   0.0730424
  -0.554284 -0.00170045   0.0730457
 -0.554284 -0.0016999  0.0730446
  -0.554286 -0.00170084   0.0730474
  -0.554286 -0.00170277    0.073047
  -0.554288 -0.00170543   0.0730516
   -0.55429 -0.00171026   0.0730552
   -0.55429 -0.00170793   0.0730548
  -0.554289 -0.00170811   0.0730548
  -0.554291 -0.00170832   0.0730549
   -0.55429 -0.00170747    0.073053
  -0.554289 -0.00170547   0.0730519
  -0.554287 -0.00170543   0.0730493
  -0.554286 -0.00170198   0.0730486
  -0.554286 -0.00171859   0.0730455
  -0.554283 -0.00172723   0.0730429
  -0.554287 -0.00172436   0.0730458
   -0.55429 -0.00173227   0.0730498
   -0.55429 -0.00173819   0.0730504
  -0.554289 -0.00173738   0.0730497
  -0.554288 -0.00174099   0.0730485
  -0.554289 -0.00174312   0.0730499
   -0.55429 -0.00174315   0.0730505
  -0.554286 -0.00175011   0.0730435
  -0.554285 -0.00175746   0.0730437
  -0.554285 -0.00176013    0.073044
 -0.554283 -0.0017604  0.0730383
  -0.554281 -0.00176178   0.0730366
-0.554281 -0.001763 0.0730372
 -0.554281 -0.0017616  0.0730386
  -0.554278 -0.00175198   0.0730374
   -0.55428 -0.00175139   0.0730423
  -0.554278 -0.00175253   0.0730395
 -0.554277 -0.0017457  0.0730407
   -0.55427 -0.00172201    0.073033
  -0.554262 -0.00169136   0.0730246
  -0.554261 -0.00168867   0.0730233
  -0.554257 -0.00164429   0.0730101
  -0.554257 -0.00162915   0.0730096
  -0.554254 -0.00159307   0.0730029
  -0.554251 -0.00156295   0.0729904
  -0.554249 -0.00154604   0.0729832
  -0.554249 -0.00154211   0.0729816
  -0.554249 -0.00153256   0.0729786
  -0.554248 -0.00151596   0.0729758
  -0.554247 -0.00151565   0.0729735
  -0.554245 -0.00150196   0.0729696
  -0.554244 -0.00148948   0.0729672
   -0.55423 -0.00147967   0.0729537
  -0.554228 -0.00148026    0.072952
-0.554222 -0.001479 0.0729459
  -0.554218 -0.00149368   0.0729356
  -0.554217 -0.00150004   0.0729348
 -0.554217 -0.0014988  0.0729346
  -0.554215 -0.00150245   0.0729328
  -0.554216 -0.00150308   0.0729344
  -0.554217 -0.00151122    0.072936
  -0.554216 -0.00152477   0.0729345
  -0.554217 -0.00152558   0.0729333
  -0.554216 -0.00153115   0.0729321
  -0.554216 -0.00153354    0.072933
  -0.554217 -0.00154159   0.0729336
  -0.554218 -0.00154664   0.0729343
  -0.554219 -0.00154641   0.0729365
   -0.55422 -0.00156045   0.0729381
  -0.554222 -0.00157804   0.0729361
  -0.554224 -0.00160664   0.0729355
  -0.554224 -0.00162409   0.0729381
  -0.554225 -0.00164074    0.072942
  -0.554225 -0.00163819   0.0729419
  -0.554222 -0.00165041   0.0729411
  -0.554221 -0.00166828   0.0729453
   -0.55422 -0.00167134   0.0729429
   -0.55422 -0.00167518   0.0729441
  -0.554219 -0.00168401   0.0729429
  -0.554223 -0.00170231   0.0729411
  -0.554223 -0.00171007   0.0729396
  -0.554223 -0.00171481   0.0729399
  -0.554222 -0.00172375    0.072936
  -0.554223 -0.00172331   0.0729334
  -0.554222 -0.00172766   0.0729271
  -0.554213 -0.00173039   0.0729238
  -0.554207 -0.00174021   0.0729218
  -0.554207 -0.00174663   0.0729243
  -0.554206 -0.00174724   0.0729229
  -0.554206 -0.00174941   0.0729208
  -0.554204 -0.00175599   0.0729163
  -0.554205 -0.00176349   0.0729156
  -0.554203 -0.00177364   0.0729128
  -0.554203 -0.00177214   0.0729116
  -0.554204 -0.00177972   0.0729116
 -0.554208 -0.0017783   0.072915
  -0.554206 -0.00177841   0.0729127
  -0.554208 -0.00177645   0.0729123
  -0.554208 -0.00177029   0.0729119
  -0.554209 -0.00177248    0.072913
  -0.554211 -0.00176833   0.0729131
  -0.554211 -0.00175817   0.0729106
   -0.55421 -0.00175837   0.0729085
  -0.554211 -0.00174565   0.0729085
  -0.554212 -0.00173027   0.0729086
  -0.554212 -0.00172141   0.0729074
  -0.554211 -0.00171065   0.0729055
   -0.55421 -0.00169394   0.0729035
  -0.554208 -0.00168626   0.0729001
  -0.554206 -0.00167712   0.0728985
  -0.554206 -0.00166838    0.072897
  -0.554202 -0.00166258   0.0728934
  -0.554203 -0.00165613   0.0728933
  -0.554203 -0.00165171   0.0728933
  -0.554197 -0.00163351    0.072887
    -0.5542 -0.00158975    0.072882
  -0.554198 -0.00156544   0.0728729
  -0.554197 -0.00156328   0.0728715
  -0.554194 -0.00154525    0.072866
  -0.554196 -0.00154273    0.072866
  -0.554192 -0.00153838   0.0728624
  -0.554194 -0.00153076   0.0728624
  -0.554192 -0.00153109   0.0728612
  -0.55419 -0.0015283  0.0728587
   -0.55419 -0.00152814   0.0728579
  -0.554189 -0.00152252   0.0728582
  -0.554186 -0.00152099   0.0728548
  -0.554184 -0.00150729   0.0728515
  -0.554184 -0.00150555   0.0728514
  -0.554183 -0.00149912   0.0728506
  -0.554184 -0.00149752   0.0728499
  -0.554187 -0.00150093    0.072856
  -0.554188 -0.00150903   0.0728587
  -0.554192 -0.00152485   0.0728756
  -0.554202 -0.00155959   0.0728895
  -0.554224 -0.00159325   0.0729187
  -0.554226 -0.00160035   0.0729234
 -0.554228 -0.0016053  0.0729277
  -0.554227 -0.00160892   0.0729288
  -0.554231 -0.00161863    0.072938
 -0.554231 -0.0016259  0.0729427
  -0.554232 -0.00162857   0.0729432
  -0.554231 -0.00163743   0.0729423
  -0.554232 -0.00163521   0.0729451
  -0.554235 -0.00164003   0.0729442
  -0.554234 -0.00164377   0.0729423
  -0.554249 -0.00164739   0.0729521
  -0.554251 -0.00164618   0.0729582
   -0.55425 -0.00165303   0.0729584
 -0.554257 -0.0016737  0.0729687
  -0.55426 -0.0016752  0.0729721
  -0.554263 -0.00167569   0.0729754
  -0.554266 -0.00167716   0.0729869
  -0.554266 -0.00167321   0.0729908
  -0.554267 -0.00167174   0.0729935
  -0.554269 -0.00165441   0.0729911
  -0.554278 -0.00160835   0.0729857
  -0.554279 -0.00159538   0.0729859
  -0.554276 -0.00149697   0.0729512
  -0.554274 -0.00148861   0.0729422
  -0.554272 -0.00148138   0.0729394
  -0.554268 -0.00145618   0.0729263
 -0.554266 -0.0014511   0.072921
  -0.554261 -0.00143748   0.0729093
  -0.554261 -0.00143453   0.0729078
  -0.554262 -0.00142973   0.0729082
  -0.554264 -0.00142444   0.0729053
  -0.554267 -0.00140759   0.0728974
  -0.554269 -0.00140324   0.0728911
   -0.55427 -0.00141084   0.0728931
  -0.55427 -0.0014177  0.0728944
  -0.554271 -0.00142295   0.0728973
  -0.554284 -0.00144996   0.0729146
  -0.554286 -0.00145265    0.072916
  -0.554292 -0.00147347   0.0729241
  -0.554294 -0.00147427   0.0729256
  -0.554298 -0.00149154   0.0729301
  -0.554315 -0.00153251   0.0729478
  -0.554321 -0.00154012    0.072952
  -0.554327 -0.00153996   0.0729551
  -0.554339 -0.00156747   0.0729605
  -0.554346 -0.00157601   0.0729646
 -0.554349 -0.0015749  0.0729667
   -0.55435 -0.00157378   0.0729674
  -0.554356 -0.00157291   0.0729705
  -0.554358 -0.00157594   0.0729741
  -0.554359 -0.00157642   0.0729755
  -0.554362 -0.00157411   0.0729795
  -0.554362 -0.00157177    0.072979
 -0.554362 -0.0015674   0.072981
 -0.554363 -0.0015636  0.0729814
  -0.554362 -0.00155799   0.0729793
  -0.554364 -0.00154778     0.07298
  -0.554365 -0.00154578   0.0729813
  -0.554367 -0.00151665   0.0729802
  -0.554368 -0.00151528   0.0729814
  -0.554368 -0.00149987   0.0729799
  -0.554365 -0.00147793   0.0729664
  -0.554364 -0.00147852   0.0729644
  -0.554363 -0.00147675   0.0729609
  -0.554363 -0.00146519   0.0729556
  -0.554362 -0.00146439   0.0729533
  -0.554358 -0.00143969   0.0729312
 -0.554353 -0.0014012  0.0729015
  -0.554356 -0.00139501   0.0729023
 -0.554354 -0.0013816  0.0728921
  -0.554351 -0.00138336    0.072889
  -0.554354 -0.00137615   0.0728881
   -0.55435 -0.00137472    0.072884
  -0.554345 -0.00134454   0.0728707
  -0.554346 -0.00134049   0.0728699
  -0.554344 -0.00133113   0.0728633
 -0.554348 -0.0013317  0.0728646
  -0.554351 -0.00133346   0.0728668
  -0.554354 -0.00133428   0.0728652
  -0.554358 -0.00135271   0.0728692
  -0.554363 -0.00138135   0.0728786
  -0.554362 -0.00138517   0.0728771
  -0.554361 -0.00140483   0.0728766
 -0.554366 -0.0014222  0.0728794
  -0.554373 -0.00143809   0.0728847
  -0.554378 -0.00145402   0.0728887
  -0.554378 -0.00145831   0.0728893
  -0.554381 -0.00146497   0.0728946
  -0.554379 -0.00148447   0.0728954
  -0.554379 -0.00148787   0.0728956
   -0.55438 -0.00148839    0.072896
   -0.55438 -0.00149528    0.072896
  -0.554385 -0.00150537   0.0729011
  -0.554387 -0.00151217   0.0729006
 -0.55439 -0.001514 0.0729022
   -0.55439 -0.00152292   0.0729008
  -0.554396 -0.00152906    0.072913
  -0.554397 -0.00152759   0.0729146
  -0.554397 -0.00152167   0.0729203
  -0.554405 -0.00153426   0.0729341
 -0.554404 -0.0015321  0.0729322
   -0.55441 -0.00153331   0.0729396
   -0.55441 -0.00152785   0.0729429
   -0.55441 -0.00153149   0.0729437
  -0.554409 -0.00152695   0.0729441
   -0.55441 -0.00152243   0.0729455
  -0.554413 -0.00150692    0.072955
  -0.554414 -0.00150693   0.0729556
  -0.554413 -0.00150183   0.0729543
  -0.554408 -0.00149421   0.0729478
 -0.554406 -0.0014964  0.0729444
  -0.554408 -0.00149255   0.0729484
  -0.554406 -0.00148965   0.0729478
  -0.554406 -0.00148151   0.0729471
  -0.554405 -0.00147898   0.0729466
  -0.554403 -0.00147532    0.072947
    -0.5544 -0.00147334   0.0729454
  -0.554397 -0.00146183    0.072942
  -0.554399 -0.00146155   0.0729459
  -0.554397 -0.00145773   0.0729454
 -0.554394 -0.0014502  0.0729447
  -0.554392 -0.00144334   0.0729437
  -0.554372 -0.00130323   0.0729122
  -0.554384 -0.00143394   0.0729585
  -0.554382 -0.00144705   0.0729571
   -0.55438 -0.00144699   0.0729542
  -0.554383 -0.00144583   0.0729589
  -0.554382 -0.00144111   0.0729603
  -0.554377 -0.00144115   0.0729562
  -0.554378 -0.00144159   0.0729603
  -0.554377 -0.00143009   0.0729597
  -0.554374 -0.00142141   0.0729576
  -0.554369 -0.00141633   0.0729526
  -0.554366 -0.00141304   0.0729496
  -0.554358 -0.00141152   0.0729319
  -0.554355 -0.00141443   0.0729279
  -0.554351 -0.00140733   0.0729234
   -0.55434 -0.00138957   0.0729037
  -0.554312 -0.00130357   0.0728497
  -0.554306 -0.00126361   0.0728379
  -0.554301 -0.00125166   0.0728308
  -0.554293 -0.00123787    0.072818
  -0.554291 -0.00122117   0.0728086
  -0.554298 -0.00124575   0.0728242
  -0.554299 -0.00126489   0.0728279
  -0.554298 -0.00127089   0.0728259
  -0.554319 -0.00134858    0.072839
  -0.554319 -0.00138213    0.072845
  -0.554318 -0.00138592   0.0728443
   -0.55432 -0.00139116   0.0728466
  -0.554317 -0.00139809   0.0728422
  -0.554319 -0.00140061   0.0728435
  -0.554322 -0.00141988   0.0728302
  -0.554321 -0.00141778   0.0728304
   -0.55432 -0.00141649   0.0728361
  -0.554315 -0.00142079   0.0728303
  -0.554316 -0.00142351   0.0728297
   -0.55432 -0.00142629   0.0728319
  -0.554319 -0.00142786   0.0728296
  -0.554317 -0.00142134   0.0728298
  -0.554318 -0.00142326   0.0728316
  -0.554316 -0.00142485   0.0728317
  -0.554313 -0.00142871   0.0728278
  -0.554312 -0.00142315   0.0728259
  -0.554313 -0.00142198   0.0728253
  -0.554311 -0.00142592    0.072824
  -0.554311 -0.00142647   0.0728204
  -0.554311 -0.00142828   0.0728191
  -0.554312 -0.00143573   0.0728146
  -0.554313 -0.00143274   0.0728084
  -0.554313 -0.00143386   0.0728075
  -0.554304 -0.00142707   0.0727954
  -0.554304 -0.00142253   0.0727982
  -0.554303 -0.00142084   0.0727966
  -0.554299 -0.00141933   0.0727923
  -0.554285 -0.00134198   0.0727552
  -0.554272 -0.00130176   0.0727388
  -0.554269 -0.00127954   0.0727365
  -0.554268 -0.00123679   0.0727269
  -0.554282 -0.00128031   0.0727709
  -0.554284 -0.00128726   0.0727752
  -0.554302 -0.00133401   0.0728046
  -0.554315 -0.00135871   0.0728282
  -0.554319 -0.00138709   0.0728471
  -0.554318 -0.00139239    0.072845
  -0.554326 -0.00137641   0.0728609
  -0.554324 -0.00136536   0.0728578
  -0.554325 -0.00137046   0.0728591
 -0.554327 -0.0013668  0.0728609
  -0.554307 -0.00134947   0.0728419
  -0.554297 -0.00134414   0.0728242
  -0.554277 -0.00131557   0.0727888
  -0.554273 -0.00130702   0.0727816
  -0.554271 -0.00130376   0.0727768
  -0.554269 -0.00129402   0.0727711
  -0.554268 -0.00128576   0.0727658
  -0.554265 -0.00127802   0.0727611
  -0.554265 -0.00126754   0.0727578
  -0.554259 -0.00124297   0.0727466
  -0.554258 -0.00123861   0.0727451
  -0.554256 -0.00123181   0.0727444
   -0.55425 -0.00122465   0.0727381
  -0.554234 -0.00115519   0.0727046
  -0.554233 -0.00115214   0.0727039
  -0.554232 -0.00115032    0.072699
  -0.554225 -0.00113614   0.0726859
  -0.554226 -0.00114671   0.0726893
  -0.554232 -0.00117343   0.0727028
  -0.554234 -0.00117671   0.0727048
   -0.55424 -0.00121527   0.0727105
  -0.554251 -0.00125103   0.0727246
   -0.55425 -0.00125865   0.0727284
  -0.554252 -0.00130469   0.0727462
  -0.554256 -0.00131124   0.0727513
   -0.55426 -0.00132306   0.0727385
  -0.554259 -0.00132286   0.0727373
  -0.554261 -0.00133467   0.0727496
 -0.554262 -0.0013334  0.0727511
  -0.554266 -0.00132782   0.0727418
  -0.554271 -0.00132282   0.0727389
  -0.554273 -0.00131796   0.0727427
  -0.554271 -0.00131972   0.0727412
   -0.55426 -0.00131832   0.0726992
   -0.55426 -0.00130719   0.0726949
 -0.554243 -0.0011848   0.072648
  -0.554249 -0.00113967   0.0726421
  -0.554261 -0.00111442   0.0726526
  -0.554265 -0.00111812   0.0726579
  -0.554316 -0.00119467   0.0727462
  -0.554321 -0.00120128   0.0727531
  -0.554324 -0.00120533   0.0727602
  -0.554336 -0.00123902   0.0727976
  -0.554338 -0.00124202   0.0728018
   -0.55434 -0.00124619    0.072806
  -0.554357 -0.00125423   0.0728118
  -0.554367 -0.00126396   0.0728261
  -0.554368 -0.00126187   0.0728285
  -0.554372 -0.00125878   0.0728396
  -0.554371 -0.00125795   0.0728399
  -0.554372 -0.00123747    0.072844
  -0.554374 -0.00123882    0.072847
  -0.554373 -0.00123097   0.0728435
  -0.554374 -0.00122884   0.0728418
  -0.554382 -0.00122434    0.072849
  -0.554385 -0.00122262   0.0728513
  -0.554388 -0.00122077   0.0728553
   -0.55439 -0.00121874   0.0728612
  -0.554387 -0.00121394   0.0728632
  -0.554387 -0.00121285   0.0728642
  -0.554387 -0.00121209   0.0728647
  -0.554385 -0.00119938   0.0728433
  -0.554385 -0.00119596   0.0728413
  -0.554387 -0.00119941   0.0728398
  -0.554386 -0.00119236   0.0728321
  -0.554385 -0.00118925   0.0728298
  -0.554386 -0.00118371   0.0728305
  -0.554384 -0.00118067   0.0728271
  -0.554385 -0.00118051   0.0728276
  -0.554379 -0.00117495   0.0728161
  -0.554378 -0.00116822   0.0728131
  -0.554377 -0.00116364   0.0728087
  -0.554374 -0.00115703    0.072802
  -0.554374 -0.00115015   0.0727987
  -0.554371 -0.00114307   0.0727901
  -0.554371 -0.00113404   0.0727843
   -0.55437 -0.00112422   0.0727793
   -0.55437 -0.00111573   0.0727759
  -0.554367 -0.00110739   0.0727703
  -0.554359 -0.00107455   0.0727525
  -0.554353 -0.00105022   0.0727441
  -0.554348 -0.00103021   0.0727302
 -0.554345 -0.0010196  0.0727222
   -0.554345 -0.000993553    0.0727071
   -0.554344 -0.000985144    0.0726994
   -0.554344 -0.000976465    0.0726946
  -0.554354 -0.00100033    0.072718
  -0.554355 -0.00100027   0.0727204
  -0.554357 -0.00100838   0.0727214
  -0.554365 -0.00101791   0.0727297
  -0.554376 -0.00106089   0.0727363
   -0.55438 -0.00107802   0.0727426
  -0.554378 -0.00108504   0.0727427
  -0.554384 -0.00112103   0.0727559
  -0.554382 -0.00112529   0.0727536
  -0.554383 -0.00112907   0.0727526
  -0.554391 -0.00114752   0.0727399
  -0.554396 -0.00114949   0.0727437
  -0.554396 -0.00115431   0.0727442
  -0.554391 -0.00114887   0.0727482
  -0.554391 -0.00115265   0.0727477
   -0.55439 -0.00115346   0.0727454
  -0.554392 -0.00115172   0.0727452
  -0.554391 -0.00115454   0.0727437
  -0.554392 -0.00115595   0.0727418
  -0.554395 -0.00115764   0.0727437
  -0.554396 -0.00115658   0.0727439
  -0.554397 -0.00115886   0.0727446
 -0.554393 -0.0011563  0.0727388
  -0.554396 -0.00114991   0.0727385
  -0.554394 -0.00114968   0.0727379
  -0.554394 -0.00115259   0.0727368
  -0.554391 -0.00115409   0.0727276
  -0.55439 -0.0011547  0.0727239
  -0.554392 -0.00113737   0.0727179
  -0.554391 -0.00113434   0.0727162
-0.554378 -0.001098 0.0727013
   -0.55437 -0.00108491   0.0726865
  -0.554367 -0.00108093   0.0726821
  -0.554367 -0.00106436   0.0726732
 -0.554361 -0.0010142  0.0726536
   -0.55436 -0.00101131   0.0726544
   -0.554358 -0.000969639    0.0726501
   -0.554356 -0.000954951    0.0726493
   -0.554356 -0.000946941    0.0726506
   -0.554358 -0.000944852    0.0726511
   -0.554357 -0.000940685    0.0726492
   -0.554369 -0.000929783    0.0726667
   -0.554377 -0.000936799    0.0726823
   -0.554377 -0.000940545    0.0726848
  -0.554421 -0.00104258   0.0727544
  -0.554429 -0.00107465   0.0727762
  -0.554428 -0.00107599   0.0727752
  -0.554428 -0.00108441   0.0727787
  -0.554429 -0.00108559   0.0727782
  -0.554429 -0.00108972   0.0727794
  -0.554429 -0.00109183    0.072778
  -0.554431 -0.00109277   0.0727806
  -0.554428 -0.00109506   0.0727772
  -0.554428 -0.00109445   0.0727804
  -0.554431 -0.00109116   0.0727831
  -0.554429 -0.00108824   0.0727798
  -0.554428 -0.00108762   0.0727788
  -0.554428 -0.00108559   0.0727805
  -0.554427 -0.00108387   0.0727804
  -0.554426 -0.00108594   0.0727795
   -0.55443 -0.00109735    0.072786
  -0.554419 -0.00106925   0.0727766
  -0.554416 -0.00106527   0.0727722
  -0.554413 -0.00106326   0.0727669
  -0.554405 -0.00104388   0.0727487
  -0.554387 -0.00102638   0.0727186
   -0.554356 -0.000966614    0.0726569
   -0.554349 -0.000956576    0.0726424
   -0.554321 -0.000908729     0.072595
   -0.554311 -0.000979583    0.0725889
   -0.554314 -0.000988094    0.0725959
   -0.55432 -0.00101938   0.0726066
   -0.55432 -0.00103451   0.0726091
  -0.554318 -0.00106581    0.072606
  -0.554329 -0.00108145   0.0726107
  -0.554333 -0.00107997   0.0726207
  -0.554333 -0.00108199   0.0726222
  -0.554333 -0.00108229   0.0726249
  -0.554334 -0.00108202   0.0726269
  -0.554336 -0.00108249   0.0726325
  -0.554339 -0.00108245     0.07264
   -0.55434 -0.00108041   0.0726449
  -0.554341 -0.00108087   0.0726477
  -0.554344 -0.00107994   0.0726556
  -0.554349 -0.00107302    0.072667
  -0.554357 -0.00102917     0.07268
  -0.554359 -0.00101703   0.0726857
  -0.554361 -0.00101115   0.0726893
   -0.554354 -0.000956063    0.0726784
   -0.554331 -0.000912114    0.0726375
    -0.55432 -0.000894894    0.0726169
   -0.554322 -0.000891415    0.0726165
   -0.554303 -0.000838104    0.0725742
   -0.554307 -0.000849915    0.0725849
   -0.554312 -0.000879941    0.0726003
   -0.554316 -0.000892108     0.072605
   -0.554348 -0.000978697    0.0726549
    -0.55435 -0.000981326    0.0726519
   -0.554349 -0.000984696    0.0726496
   -0.554349 -0.000993539    0.0726457
  -0.554353 -0.00102562   0.0726624
 -0.554355 -0.0010235  0.0726639
 -0.554358 -0.0010359  0.0726769
  -0.554356 -0.00103547   0.0726735
  -0.554359 -0.00103299   0.0726789
  -0.554348 -0.00101497   0.0726565
   -0.554336 -0.000994075    0.0726262
   -0.554337 -0.000989128    0.0726245
   -0.554335 -0.000981715    0.0726181
   -0.554334 -0.000971216    0.0726109
  -0.554332 -0.00096338   0.0726089
   -0.554308 -0.000915097    0.0725698
   -0.554275 -0.000862399    0.0724893
   -0.55425 -0.00081058   0.0724292
   -0.554251 -0.000808955    0.0724302
   -0.554263 -0.000827276    0.0724669
   -0.554268 -0.000844994    0.0724864
   -0.554279 -0.000856773     0.072515
   -0.554286 -0.000860863    0.0725223
   -0.554321 -0.000898467    0.0725941
   -0.554319 -0.000896927     0.072594
   -0.554321 -0.000901686    0.0726012
   -0.554321 -0.000907405    0.0725998
  -0.554322 -0.00091201   0.0726015
   -0.554326 -0.000920484    0.0725994
  -0.554324 -0.00092114   0.0725943
   -0.554324 -0.000952738    0.0726088
   -0.554327 -0.000950651    0.0726127
   -0.554315 -0.000941131    0.0726003
  -0.554293 -0.00085367   0.0725475
    -0.55427 -0.000802867    0.0725048
   -0.554254 -0.000776993    0.0724745
    -0.55425 -0.000764364     0.072459
   -0.554241 -0.000739186    0.0724339
   -0.554234 -0.000753429    0.0724258
   -0.554233 -0.000762625     0.072426
   -0.554245 -0.000819864    0.0724423
   -0.554251 -0.000837099    0.0724525
   -0.554273 -0.000902516     0.072489
   -0.554292 -0.000956696    0.0725058
   -0.554307 -0.000957077     0.072553
   -0.554308 -0.000958541    0.0725605
   -0.554308 -0.000955615    0.0725623
   -0.554308 -0.000942309    0.0725634
   -0.554315 -0.000896471    0.0725777
   -0.554315 -0.000894785     0.072579
    -0.5543 -0.00081485   0.0725593
   -0.554299 -0.000804526    0.0725564
   -0.554281 -0.000722721    0.0725097
  -0.554279 -0.00071797   0.0725052
   -0.554275 -0.000706045    0.0724974
   -0.554271 -0.000693442    0.0724872
    -0.55425 -0.000634782    0.0724467
   -0.554244 -0.000621689    0.0724351
   -0.554241 -0.000616941    0.0724319
   -0.554232 -0.000633513    0.0724072
   -0.554243 -0.000682554    0.0724248
   -0.554248 -0.000697936    0.0724352
   -0.554249 -0.000706571    0.0724379
    -0.55426 -0.000744762    0.0724597
   -0.554262 -0.000757021    0.0724667
   -0.554265 -0.000765312    0.0724716
    -0.55427 -0.000782503    0.0724849
   -0.554274 -0.000795843    0.0724922
   -0.554282 -0.000796389    0.0725011
   -0.554286 -0.000790729    0.0725036
   -0.554278 -0.000814166    0.0724948
    -0.55428 -0.000820364     0.072489
   -0.554282 -0.000835123    0.0724709
   -0.554284 -0.000834251    0.0724722
   -0.554285 -0.000835979    0.0724715
   -0.554288 -0.000838881    0.0724747
   -0.554293 -0.000846004    0.0724841
   -0.554294 -0.000850716    0.0724881
   -0.554282 -0.000865737    0.0724635
  -0.554283 -0.00085262   0.0724455
   -0.554282 -0.000844295    0.0724392
   -0.554281 -0.000834868    0.0724328
   -0.554282 -0.000779023    0.0724282
   -0.554281 -0.000763853    0.0724283
   -0.554278 -0.000750619    0.0724249
 -0.554269 -0.0006824  0.0724041
   -0.554269 -0.000675315    0.0724015
   -0.554267 -0.000580835    0.0723692
    -0.55427 -0.000559713    0.0723701
   -0.554274 -0.000565589    0.0723807
   -0.554281 -0.000566523    0.0723916
   -0.554286 -0.000571102    0.0724004
   -0.554302 -0.000611613    0.0724344
   -0.554308 -0.000635563    0.0724467
   -0.554314 -0.000659332    0.0724573
   -0.554329 -0.000685005    0.0724762
   -0.554332 -0.000701832    0.0724815
   -0.554338 -0.000710429    0.0724931
   -0.554339 -0.000716627     0.072495
    -0.55434 -0.000732798    0.0725025
   -0.554341 -0.000732645    0.0725031
   -0.554339 -0.000731482    0.0724873
  -0.554341 -0.00073068   0.0724861
    -0.55434 -0.000727578    0.0724831
   -0.554349 -0.000717156    0.0724878
   -0.554348 -0.000721391    0.0724904
   -0.554349 -0.000727105    0.0724924
   -0.554346 -0.000729492    0.0724869
   -0.554347 -0.000729174    0.0724885
   -0.554347 -0.000731795    0.0724883
   -0.554348 -0.000732185    0.0724883
   -0.554344 -0.000725043    0.0724795
   -0.554343 -0.000720727    0.0724779
   -0.554338 -0.000707664     0.072464
   -0.554335 -0.000709226    0.0724491
   -0.554327 -0.000689215    0.0724141
  -0.554308 -0.00063217   0.0723603
   -0.554304 -0.000621586    0.0723509
   -0.554277 -0.000517586    0.0722896
   -0.554278 -0.000446752    0.0722648
   -0.554281 -0.000445728    0.0722729
   -0.554287 -0.000442842    0.0722837
   -0.554297 -0.000453867    0.0723088
   -0.554313 -0.000479749    0.0723455
   -0.554318 -0.000484269    0.0723578
   -0.554333 -0.000496356    0.0723802
   -0.554365 -0.000530244    0.0724216
   -0.554407 -0.000576733     0.072502
   -0.554415 -0.000590415    0.0725094
   -0.554425 -0.000587647    0.0725174
   -0.554431 -0.000592586    0.0725251
   -0.55443 -0.00060742   0.0725207
   -0.554434 -0.000603326    0.0725153
   -0.554435 -0.000598497    0.0725135
   -0.554434 -0.000593342    0.0725045
   -0.554433 -0.000581127    0.0724922
   -0.554403 -0.000523391    0.0724252
   -0.554397 -0.000517693    0.0724151
    -0.55439 -0.000509367    0.0724031
   -0.554378 -0.000491549    0.0723784
   -0.554366 -0.000471792    0.0723475
    -0.55435 -0.000440501       0.0723
   -0.554347 -0.000434804    0.0722901
   -0.554332 -0.000397142    0.0722639
   -0.554332 -0.000396892     0.072267
   -0.554334 -0.000399048     0.072271
  -0.554342 -0.00041129   0.0722889
   -0.554342 -0.000409149    0.0722887
   -0.554343 -0.000413661    0.0722904
   -0.554362 -0.000424545    0.0723147
   -0.554364 -0.000425516    0.0723167
   -0.554379 -0.000445788    0.0723531
   -0.554408 -0.000477652    0.0724118
   -0.554412 -0.000488426    0.0724186
   -0.554417 -0.000490533    0.0724235
   -0.554426 -0.000495422    0.0724427
   -0.554427 -0.000495355    0.0724502
   -0.554426 -0.000500251    0.0724503
   -0.554428 -0.000521918    0.0724567
   -0.554429 -0.000519746    0.0724593
  -0.554428 -0.00051608   0.0724546
   -0.554425 -0.000502642    0.0724464
   -0.554422 -0.000491088    0.0724301
  -0.554383 -0.00040162   0.0723275
    -0.55438 -0.000400945    0.0723239
   -0.554371 -0.000367455    0.0722852
   -0.554359 -0.000351926    0.0722612
   -0.554353 -0.000336145     0.072246
    -0.55435 -0.000326251    0.0722394
   -0.554351 -0.000332258     0.072241
   -0.554354 -0.000353146    0.0722418
   -0.554357 -0.000356978    0.0722498
   -0.554362 -0.000365736    0.0722592
   -0.554376 -0.000376904    0.0722823
   -0.554381 -0.000375838    0.0722892
    -0.55439 -0.000386013    0.0723018
  -0.554395 -0.00039171   0.0723083
   -0.554398 -0.000388903    0.0723153
   -0.554405 -0.000389584    0.0723327
    -0.55441 -0.000389653    0.0723419
   -0.554416 -0.000381247    0.0723586
   -0.554424 -0.000375505    0.0723717
   -0.554424 -0.000380296    0.0723764
   -0.554426 -0.000379739    0.0723866
   -0.554443 -0.000401232    0.0724386
   -0.554436 -0.000392398    0.0724279
   -0.554424 -0.000383096    0.0724057
   -0.554397 -0.000330318    0.0723459
    -0.55437 -0.000281337    0.0722859
   -0.554359 -0.000263238    0.0722623
   -0.554339 -0.000238164    0.0722197
   -0.554324 -0.000225945    0.0721754
   -0.554327 -0.000228235    0.0721805
   -0.554329 -0.000235983    0.0721868
   -0.554329 -0.000242564    0.0721891
  -0.554337 -0.00026346   0.0722041
   -0.554337 -0.000275647     0.072208
   -0.554342 -0.000295897    0.0722168
   -0.554341 -0.000324874    0.0722151
   -0.554341 -0.000331188    0.0722167
   -0.554353 -0.000352458    0.0722455
   -0.554365 -0.000360916    0.0722684
   -0.554365 -0.000365293    0.0722714
    -0.55437 -0.000368279    0.0722792
   -0.554375 -0.000361967    0.0722882
   -0.554377 -0.000348843    0.0722863
   -0.554408 -0.000330353    0.0723404
   -0.554412 -0.000336173    0.0723481
   -0.554414 -0.000337035    0.0723517
 -0.554422 -0.0003363  0.0723688
   -0.554426 -0.000339661    0.0723792
   -0.554426 -0.000341727    0.0723849
   -0.554425 -0.000345243    0.0723849
   -0.554422 -0.000357838    0.0723832
   -0.554418 -0.000365191    0.0723763
    -0.5544 -0.00036306   0.0723345
   -0.554389 -0.000355713    0.0723167
   -0.554388 -0.000344938    0.0723109
   -0.554371 -0.000318651    0.0722788
   -0.554358 -0.000299448    0.0722522
   -0.554351 -0.000290818    0.0722378
   -0.554345 -0.000284834    0.0722217
  -0.554338 -0.00027593   0.0722094
  -0.554329 -0.00026533   0.0721925
   -0.554323 -0.000252388    0.0721799
   -0.554319 -0.000241065    0.0721694
   -0.554306 -0.000217145    0.0721412
   -0.554297 -0.000179372    0.0721157
   -0.554298 -0.000218529    0.0721293
   -0.554301 -0.000235584    0.0721302
   -0.554301 -0.000255679    0.0721311
   -0.554302 -0.000261735    0.0721342
   -0.554321 -0.000293461    0.0721676
   -0.554331 -0.000320479    0.0721919
   -0.554327 -0.000325211    0.0721923
   -0.554333 -0.000315008    0.0722048
   -0.554351 -0.000285756    0.0722413
   -0.554358 -0.000264013    0.0722558
   -0.554368 -0.000247749    0.0722739
    -0.55437 -0.000246546    0.0722825
   -0.554372 -0.000238714    0.0722896
   -0.554375 -0.000233364    0.0722979
   -0.554378 -0.000224263    0.0723104
   -0.554378 -0.000224505    0.0723165
   -0.554374 -0.000225065    0.0723091
   -0.554371 -0.000228302    0.0722946
   -0.554369 -0.000221124    0.0722761
   -0.554367 -0.000223478     0.072274
   -0.554356 -0.000216386    0.0722592
   -0.554342 -0.000212408    0.0722354
   -0.554331 -0.000213274    0.0722094
   -0.554319 -0.000193635    0.0721716
   -0.554314 -0.000185782    0.0721593
   -0.554305 -0.000172233    0.0721417
   -0.554285 -0.000155423    0.0720987
   -0.554284 -0.000155802    0.0720962
   -0.554281 -0.000143177    0.0720875
   -0.554281 -0.000140868    0.0720872
    -0.55428 -0.000139615    0.0720864
   -0.554279 -0.000145197    0.0720895
   -0.554282 -0.000151164    0.0720889
   -0.554284 -0.000158351    0.0720866
   -0.554283 -0.000164523    0.0720847
   -0.554286 -0.000168122    0.0720889
    -0.55429 -0.000171232    0.0720957
 -0.554296 -0.0001914  0.0721102
   -0.554306 -0.000224114    0.0721296
   -0.554312 -0.000228915    0.0721459
   -0.554327 -0.000226378    0.0721789
   -0.554331 -0.000221242    0.0721992
   -0.554335 -0.000215223    0.0722119
    -0.55434 -0.000215702    0.0722287
    -0.55434 -0.000209095    0.0722259
    -0.55434 -0.000209439    0.0722216
   -0.554266 -0.000100739    0.0720561
   -0.554251 -8.46956e-05    0.0720234
   -0.554235 -6.54256e-05    0.0720001
  -0.554233 -6.9776e-05   0.0719976
   -0.554228 -7.77379e-05    0.0719832
   -0.554223 -8.49833e-05    0.0719697
    -0.55422 -9.78857e-05    0.0719596
   -0.554225 -0.000108576    0.0719651
    -0.55423 -0.000115092     0.071975
   -0.554238 -0.000117979    0.0719901
   -0.554253 -0.000153749    0.0720239
   -0.554257 -0.000162467     0.072027
   -0.554271 -0.000165966    0.0720454
   -0.554303 -0.000172318    0.0721084
  -0.554306 -0.00017547   0.0721159
   -0.554319 -0.000166396     0.072144
   -0.554324 -0.000156928    0.0721558
  -0.554328 -0.00015377   0.0721619
   -0.554334 -0.000139284    0.0721755
   -0.554335 -0.000134421    0.0721792
   -0.554337 -0.000135564    0.0721817
   -0.554326 -0.000134168    0.0721688
   -0.554325 -0.000138559    0.0721641
   -0.554326 -0.000139972     0.072162
   -0.554326 -0.000136877    0.0721598
   -0.554325 -0.000136578    0.0721558
   -0.554326 -0.000141475    0.0721569
   -0.554329 -0.000141265    0.0721593
   -0.55433 -0.00014747   0.0721659
   -0.554329 -0.000147465    0.0721681
   -0.554331 -0.000151544    0.0721715
   -0.554331 -0.000153823     0.072174
   -0.554328 -0.000158617    0.0721734
    -0.55433 -0.000156924    0.0721751
   -0.554327 -0.000161734    0.0721729
   -0.554327 -0.000163831    0.0721691
  -0.554324 -0.00016477    0.072163
  -0.554321 -0.00016187   0.0721568
  -0.554319 -0.00016121   0.0721489
   -0.554316 -0.000158417    0.0721413
   -0.554315 -0.000159054    0.0721349
    -0.55431 -0.000144772     0.072132
   -0.554311 -0.000139373    0.0721317
   -0.554298 -0.000121263    0.0721081
   -0.554283 -8.13892e-05    0.0720685
   -0.554245 -1.89692e-05    0.0719942
    -0.55424 -9.51699e-06    0.0719773
 -0.554206 5.0941e-05  0.0718944
  -0.554205 5.25873e-05   0.0718855
  -0.554206 5.30096e-05   0.0718839
  -0.554207 5.57041e-05   0.0718872
   -0.55421 5.45122e-05    0.071897
  -0.554213 5.35414e-05   0.0719041
  -0.554236 2.98528e-05   0.0719631
  -0.554248 1.19865e-05   0.0719825
   -0.554292 -2.85872e-05    0.0720713
   -0.554294 -2.92627e-05    0.0720749
   -0.554299 -3.37261e-05    0.0720847
     -0.5543 -4.87221e-05    0.0720932
   -0.554302 -6.49096e-05    0.0720952
   -0.554303 -6.45528e-05     0.072095
   -0.554306 -6.15675e-05    0.0720967
   -0.554308 -6.88909e-05    0.0720986
   -0.554308 -7.24117e-05    0.0720985
   -0.554315 -7.94469e-05    0.0720945
   -0.554317 -7.75748e-05     0.072098
    -0.55432 -7.45091e-05    0.0721023
   -0.554322 -8.09475e-05      0.07211
   -0.554321 -8.06598e-05    0.0721105
   -0.554321 -8.29997e-05    0.0721109
   -0.554322 -8.27562e-05    0.0721143
   -0.554315 -8.32412e-05    0.0720964
   -0.554315 -8.13573e-05    0.0720948
   -0.554311 -7.98587e-05    0.0720836
   -0.554312 -7.81449e-05    0.0720818
   -0.554289 -6.44042e-05    0.0720287
   -0.554286 -6.30999e-05    0.0720245
   -0.554262 -4.07311e-05    0.0719732
   -0.554258 -3.56024e-05    0.0719625
   -0.554238 -6.68319e-06    0.0719118
  -0.554226 5.59793e-05   0.0718896
  -0.554224 9.66725e-05   0.0718821
  -0.554222 9.71036e-05   0.0718798
   -0.55422 0.000121729    0.071873
  -0.554216 0.000141232   0.0718665
  -0.554223 0.000160808   0.0718821
  -0.554229 0.000167505   0.0718977
  -0.554241 0.000176284   0.0719218
  -0.554241 0.000176113   0.0719233
  -0.554243 0.000171092   0.0719243
  -0.554252 0.000161524   0.0719331
  -0.554264 0.000146512   0.0719592
  -0.554268 0.000133855   0.0719684
  -0.554269 0.000128036   0.0719734
  -0.554275 0.000110167   0.0719878
  -0.554276 0.000103548   0.0719892
  -0.554281 9.23921e-05    0.071996
  -0.554291 7.08864e-05   0.0720125
  -0.554291 6.58754e-05   0.0720137
  -0.554295 5.83343e-05   0.0720174
  -0.554291 4.70128e-05   0.0720123
  -0.554294 3.30741e-05   0.0720202
  -0.554296 3.25743e-05    0.072024
  -0.554295 1.00931e-05   0.0720255
   -0.554299 -2.17972e-05    0.0720307
   -0.554303 -3.12229e-05    0.0720361
   -0.554306 -3.28054e-05     0.072042
  -0.554305 -3.7635e-05   0.0720419
   -0.554305 -3.78166e-05    0.0720403
   -0.554307 -4.10991e-05    0.0720412
   -0.554306 -1.54962e-05    0.0720323
   -0.554306 -5.76375e-06    0.0720347
  -0.554308 1.63296e-05   0.0720373
    -0.5543 3.54562e-05   0.0720262
  -0.554289 6.05071e-05   0.0720036
  -0.554266 0.000121833   0.0719443
  -0.554264 0.000127757    0.071938
  -0.554262 0.000131606   0.0719321
  -0.554255 0.000144034   0.0719168
  -0.554238 0.000161007   0.0718847
  -0.554235 0.000158297   0.0718812
  -0.554232 0.000165347   0.0718755
  -0.554231 0.000167098   0.0718724
  -0.554228 0.000167896    0.071866
  -0.554224 0.000173471   0.0718571
  -0.554216 0.000177121   0.0718411
  -0.554206 0.000174421   0.0718145
-0.554205 0.0001777 0.0718072
  -0.554201 0.000175011   0.0718024
  -0.554204 0.000172572   0.0718064
  -0.554204 0.000173538   0.0718065
  -0.554207 0.000168952   0.0718157
  -0.554211 0.000167631   0.0718239
  -0.554211 0.000168891   0.0718252
  -0.554213 0.000162829   0.0718301
  -0.554214 0.000164619   0.0718319
  -0.554214 0.000162501   0.0718338
  -0.554221 0.000156956   0.0718476
 -0.554222 0.00015922  0.0718493
  -0.554227 0.000157957   0.0718573
  -0.554235 0.000158287   0.0718691
  -0.554236 0.000157943   0.0718712
   -0.55425 0.000144215   0.0718971
  -0.554255 0.000152653   0.0719013
  -0.554255 0.000151574   0.0719042
  -0.554262 0.000155881   0.0719162
  -0.554262 0.000156727   0.0719175
  -0.554263 0.000159924   0.0719177
  -0.554273 0.000173933   0.0719333
 -0.554289 0.00018372   0.071961
  -0.554304 0.000192401   0.0719956
 -0.554308 0.00019171  0.0720045
  -0.554314 0.000172601   0.0720206
  -0.554308 0.000158924   0.0720048
  -0.554307 0.000157423   0.0720032
  -0.554293 0.000155008   0.0719739
  -0.554268 0.000168162   0.0719247
  -0.554246 0.000188551   0.0718802
 -0.554223 0.00022101  0.0718259
  -0.554187 0.000255244   0.0717498
  -0.554186 0.000258338   0.0717456
  -0.554184 0.000255303   0.0717427
  -0.554181 0.000249723   0.0717385
   -0.55418 0.000251233   0.0717375
  -0.554183 0.000252446   0.0717399
  -0.554183 0.000247751   0.0717412
 -0.554187 0.00024456  0.0717467
  -0.554199 0.000241966   0.0717645
 -0.554211 0.00024108  0.0717906
  -0.554222 0.000243921   0.0718084
 -0.554234 0.00024313   0.071835
  -0.554245 0.000237323   0.0718588
  -0.554251 0.000231042   0.0718767
  -0.554253 0.000232494   0.0718778
  -0.554267 0.000233262   0.0719027
  -0.554269 0.000231562   0.0719086
  -0.554269 0.000233567   0.0719043
  -0.554269 0.000231422   0.0719056
  -0.554268 0.000241728   0.0719021
 -0.554268 0.00023994  0.0719022
  -0.554266 0.000239679   0.0718977
  -0.554266 0.000238276    0.071897
  -0.554267 0.000236667    0.071897
  -0.554276 0.000240971   0.0719144
  -0.554277 0.000240074   0.0719173
  -0.554277 0.000239699    0.071919
   -0.55428 0.000247195   0.0719165
   -0.55428 0.000253075   0.0719114
  -0.554282 0.000256152   0.0719074
   -0.55428 0.000257575   0.0719029
  -0.554279 0.000254016   0.0718988
  -0.554263 0.000254993   0.0718591
  -0.554259 0.000257897   0.0718469
 -0.554258 0.00025711  0.0718438
  -0.554246 0.000262473    0.071818
  -0.554241 0.000275585   0.0718001
  -0.554237 0.000284688   0.0717881
  -0.554234 0.000290887   0.0717825
 -0.554225 0.00031477  0.0717631
  -0.554225 0.000314735   0.0717626
  -0.554209 0.000350479   0.0717373
 -0.554209 0.00036417  0.0717369
  -0.55421 0.00036677  0.0717382
  -0.554211 0.000369623   0.0717442
 -0.554206 0.00035611  0.0717489
  -0.554218 0.000339629   0.0717759
  -0.554221 0.000339083   0.0717836
  -0.554232 0.000335966   0.0718074
  -0.554241 0.000332199   0.0718225
  -0.554242 0.000325464   0.0718254
  -0.554246 0.000315456   0.0718277
  -0.554248 0.000308091   0.0718324
  -0.554248 0.000301752   0.0718203
  -0.554249 0.000298157   0.0718216
  -0.554257 0.000297391   0.0718285
  -0.554262 0.000296642   0.0718395
  -0.554271 0.000306734   0.0718553
  -0.554277 0.000313835   0.0718646
  -0.554282 0.000325329   0.0718702
  -0.554281 0.000323815   0.0718691
  -0.554283 0.000329778   0.0718711
 -0.554282 0.00033333   0.071869
  -0.554287 0.000350724   0.0718735
  -0.554288 0.000353188    0.071874
   -0.55429 0.000356062   0.0718777
  -0.554291 0.000362627   0.0718793
  -0.554294 0.000369216   0.0718811
  -0.554294 0.000381754   0.0718736
  -0.554293 0.000385497   0.0718685
  -0.554287 0.000399361   0.0718496
  -0.554285 0.000400467    0.071846
   -0.55428 0.000402971    0.071836
  -0.554266 0.000423353   0.0717967
 -0.554255 0.00044032  0.0717646
  -0.554252 0.000446879   0.0717559
  -0.554249 0.000448716   0.0717494
  -0.554246 0.000453278   0.0717408
  -0.554241 0.000461543   0.0717274
  -0.554211 0.000515662   0.0716423
  -0.554209 0.000517993   0.0716353
  -0.554208 0.000518077   0.0716321
  -0.554207 0.000507099   0.0716299
  -0.554208 0.000508721   0.0716284
  -0.554209 0.000508904   0.0716284
  -0.554212 0.000507086   0.0716342
 -0.554217 0.00049105  0.0716451
   -0.55423 0.000485082   0.0716678
  -0.554238 0.000487973   0.0716872
  -0.554246 0.000483953   0.0717023
 -0.554267 0.00049198  0.0717526
  -0.554274 0.000497318   0.0717668
  -0.554285 0.000502128   0.0717941
  -0.554285 0.000502085   0.0717968
  -0.554287 0.000503647   0.0718014
  -0.554293 0.000504766   0.0718121
  -0.554291 0.000499173   0.0718095
  -0.554285 0.000495368   0.0717981
  -0.554284 0.000494097   0.0717969
  -0.554282 0.000492596   0.0717941
  -0.554282 0.000489488    0.071793
  -0.554286 0.000482822    0.071796
  -0.554286 0.000482217   0.0717983
  -0.554289 0.000481618   0.0718003
  -0.554293 0.000486849   0.0718075
  -0.554291 0.000483515   0.0718064
 -0.554294 0.00048039   0.071812
  -0.554296 0.000481526   0.0718156
  -0.554296 0.000475922   0.0718169
  -0.554297 0.000479071   0.0718118
  -0.554296 0.000476864   0.0718099
  -0.554296 0.000479859    0.071805
  -0.554296 0.000475383   0.0718042
  -0.554296 0.000470622   0.0718031
  -0.554294 0.000463732   0.0718003
  -0.554295 0.000463541    0.071796
  -0.554292 0.000464225    0.071785
 -0.554285 0.00046278  0.0717607
 -0.554287 0.00046413  0.0717598
  -0.554281 0.000470617   0.0717417
   -0.55427 0.000483819   0.0717082
 -0.554264 0.00049511  0.0716888
  -0.554262 0.000515673   0.0716789
   -0.55426 0.000527022   0.0716717
  -0.554256 0.000549993   0.0716604
  -0.554245 0.000580699   0.0716379
   -0.55424 0.000591511   0.0716277
  -0.554226 0.000610283   0.0716017
  -0.554223 0.000614331   0.0715945
  -0.554229 0.000621537   0.0716025
  -0.554229 0.000620627   0.0716046
  -0.554233 0.000625005   0.0716073
  -0.554235 0.000631167   0.0716074
  -0.554252 0.000635631   0.0716384
  -0.554255 0.000637193    0.071646
  -0.554257 0.000638507   0.0716513
   -0.55426 0.000636869   0.0716582
  -0.554285 0.000617468    0.071693
  -0.554288 0.000607597    0.071709
-0.554288  0.000608 0.0717117
  -0.554288 0.000604025   0.0717169
  -0.554302 0.000610354     0.07174
  -0.554315 0.000614906   0.0717714
  -0.554314 0.000618146   0.0717715
  -0.554313 0.000604677   0.0717927
  -0.554305 0.000590057    0.071776
  -0.554302 0.000583119   0.0717666
   -0.55429 0.000595216    0.071728
   -0.55429 0.000595208    0.071728
  -0.554268 0.000614606   0.0716782
  -0.554252 0.000626928   0.0716475
  -0.554239 0.000627426    0.071623
  -0.554233 0.000631546   0.0716096
   -0.55421 0.000642812   0.0715425
  -0.554207 0.000645543   0.0715375
  -0.554199 0.000672515   0.0715133
  -0.554198 0.000678124   0.0715141
  -0.554205 0.000694091     0.07153
  -0.554216 0.000708231   0.0715492
  -0.554219 0.000708058   0.0715568
  -0.554221 0.000712214   0.0715589
  -0.554225 0.000715395   0.0715659
  -0.554227 0.000719709   0.0715667
  -0.554229 0.000722318   0.0715729
   -0.55423 0.000719944    0.071575
  -0.554234 0.000722149   0.0715826
  -0.554237 0.000723481   0.0715887
  -0.554246 0.000710215   0.0716121
  -0.554255 0.000695588   0.0716327
 -0.554271 0.00069249  0.0716514
  -0.554271 0.000694438   0.0716496
   -0.55427 0.000698132   0.0716474
  -0.554272 0.000705367   0.0716526
 -0.554276 0.00070658  0.0716646
  -0.554279 0.000712313   0.0716666
  -0.554282 0.000717585   0.0716674
  -0.554278 0.000729996   0.0716571
  -0.554288 0.000742338   0.0716666
  -0.554302 0.000746308   0.0716941
  -0.554306 0.000759181   0.0717071
  -0.554317 0.000771947   0.0717215
  -0.554278 0.000774866   0.0716601
  -0.554264 0.000772091    0.071638
  -0.554246 0.000768478   0.0716035
  -0.554196 0.000781925   0.0715115
  -0.554183 0.000789478   0.0714875
  -0.554181 0.000788087   0.0714868
  -0.554168 0.000783555   0.0714631
  -0.554168 0.000786294   0.0714623
  -0.554168 0.000785634   0.0714624
  -0.554167 0.000785698   0.0714617
  -0.554168 0.000788684   0.0714644
  -0.554169 0.000785502    0.071468
   -0.55417 0.000784812   0.0714684
  -0.554171 0.000784929   0.0714723
  -0.554172 0.000786602   0.0714734
  -0.554173 0.000786741   0.0714772
  -0.554173 0.000789935   0.0714758
  -0.554176 0.000791559   0.0714787
  -0.554182 0.000791514   0.0714877
  -0.554217 0.000818994   0.0715652
  -0.554235 0.000827886   0.0715931
  -0.554245 0.000832482   0.0716146
  -0.554258 0.000821995   0.0716295
  -0.554258 0.000815625   0.0716333
  -0.554259 0.000801268   0.0716273
  -0.554268 0.000797503   0.0716288
  -0.554267 0.000796991   0.0716296
  -0.554273 0.000786372   0.0716387
  -0.554282 0.000783128   0.0716496
  -0.554285 0.000782539   0.0716551
  -0.554288 0.000772888    0.071652
  -0.554291 0.000783279   0.0716506
  -0.554287 0.000791404   0.0716437
  -0.554288 0.000817712   0.0716397
  -0.554284 0.000830749   0.0716386
  -0.554276 0.000860791   0.0716303
  -0.554275 0.000863479   0.0716267
 -0.554271 0.00087869  0.0716186
  -0.554267 0.000901559   0.0716049
  -0.554263 0.000909907   0.0715959
 -0.554245 0.00094715  0.0715649
 -0.554211 0.00096513  0.0715031
  -0.554164 0.000975172   0.0714187
  -0.554162 0.000981887   0.0714163
  -0.554162 0.000982387   0.0714162
  -0.554162 0.000980955   0.0714163
  -0.554162 0.000979801   0.0714166
  -0.554159 0.000979766   0.0714042
  -0.554165 0.000974248   0.0714217
  -0.554165 0.000960031   0.0714237
  -0.554164 0.000957673    0.071423
   -0.55417 0.000954398   0.0714277
  -0.554179 0.000937089   0.0714542
  -0.554187 0.000926397   0.0714678
  -0.554194 0.000923744   0.0714744
  -0.554203 0.000925702     0.07149
  -0.554228 0.000933585   0.0715412
  -0.554233 0.000937732   0.0715509
  -0.554238 0.000945545   0.0715561
  -0.554243 0.000944041   0.0715648
  -0.554259 0.000948932   0.0715912
  -0.554266 0.000936308   0.0715916
  -0.554267 0.000935273   0.0715906
 -0.554268 0.00093289  0.0715925
  -0.554268 0.000931225   0.0715906
  -0.554268 0.000928522   0.0715866
  -0.554274 0.000928247     0.07159
   -0.55428 0.000932163   0.0716003
  -0.554279 0.000934538   0.0716022
  -0.554281 0.000934857   0.0716045
  -0.554284 0.000937452   0.0716042
 -0.554284 0.00093733  0.0716055
  -0.554286 0.000943572   0.0716043
  -0.554286 0.000953583    0.071602
  -0.554287 0.000957024   0.0716027
  -0.554283 0.000964964   0.0715973
  -0.554282 0.000964114   0.0715953
  -0.554281 0.000971517   0.0715835
   -0.55428 0.000971649   0.0715766
  -0.554274 0.000978096    0.071565
  -0.554275 0.000979043   0.0715655
  -0.554273 0.000984078   0.0715603
  -0.554269 0.000987781   0.0715486
 -0.554256 0.00101115  0.0715204
 -0.554254 0.00102294  0.0715142
 -0.554254 0.00102375  0.0715141
 -0.554255 0.00103086  0.0715132
 -0.554254 0.00103505  0.0715125
 -0.554253 0.00103999  0.0715107
 -0.554248 0.00106514  0.0714953
 -0.554247 0.00106816  0.0714929
 -0.554236 0.00108694  0.0714751
 -0.554232 0.00108871  0.0714695
 -0.554223 0.00109646  0.0714553
  -0.55422 0.00109639  0.0714481
 -0.554219 0.00109637   0.071443
-0.554213  0.001092  0.071425
 -0.554205 0.00108634  0.0714054
   -0.5542 0.00108377  0.0713975
 -0.554199 0.00108221  0.0713939
 -0.554197 0.00108003  0.0713911
 -0.554188 0.00107779  0.0713732
 -0.554184 0.00107876  0.0713641
 -0.554182 0.00107724  0.0713594
  -0.55418 0.00107675  0.0713572
 -0.554174 0.00107191  0.0713503
 -0.554173 0.00107198  0.0713502
 -0.554166 0.00107871  0.0713405
 -0.554166 0.00108105  0.0713385
-0.554171 0.0010828 0.0713479
 -0.554171 0.00108703  0.0713509
-0.554171 0.0010902 0.0713505
 -0.554172 0.00108777  0.0713577
 -0.554173 0.00108663   0.071358
 -0.554175 0.00108857  0.0713588
  -0.55419 0.00108955  0.0713843
   -0.5542 0.00108848  0.0714052
   -0.5542 0.00108754  0.0714054
 -0.554208 0.00109302  0.0714202
  -0.55421 0.00109747  0.0714202
 -0.554213 0.00109522  0.0714254
 -0.554217 0.00109908  0.0714333
 -0.554238 0.00112108  0.0714763
 -0.554243 0.00113071  0.0714863
 -0.554254 0.00114998  0.0715036
 -0.554266 0.00116196  0.0715207
 -0.554269 0.00116948  0.0715296
 -0.554271 0.00117422  0.0715338
 -0.554268 0.00117741  0.0715268
 -0.554267 0.00117796  0.0715259
 -0.554264 0.00117528  0.0715175
 -0.554263 0.00117116  0.0715138
-0.554263 0.0011711 0.0715138
 -0.554262 0.00117016  0.0715041
 -0.554261 0.00117042  0.0715008
 -0.554262 0.00117368  0.0715005
  -0.55426 0.00117318  0.0715003
  -0.55426 0.00117537  0.0715029
  -0.55426 0.00117806  0.0715012
-0.554262 0.0011776 0.0715025
 -0.554264 0.00118326  0.0714992
 -0.554262 0.00118274  0.0714965
 -0.554262 0.00118699  0.0714968
 -0.554259 0.00118169  0.0714907
 -0.554258 0.00118335  0.0714895
 -0.554258 0.00118242   0.071481
 -0.554255 0.00118346  0.0714711
-0.554254 0.0011839  0.071468
 -0.554248 0.00117923  0.0714522
 -0.554249 0.00118716  0.0714506
 -0.554247 0.00122875  0.0714343
 -0.554246 0.00122994   0.071433
 -0.554238 0.00123791   0.071415
 -0.554235 0.00124625  0.0714037
 -0.554236 0.00125588  0.0713977
 -0.554227 0.00126365  0.0713707
 -0.554207 0.00125593  0.0713245
 -0.554206 0.00125729  0.0713199
 -0.554196 0.00125609  0.0712886
 -0.554196 0.00125676  0.0712864
 -0.554193 0.00125805  0.0712785
 -0.554195 0.00126147  0.0712821
 -0.554195 0.00125735   0.071284
 -0.554194 0.00125791  0.0712838
 -0.554194 0.00126033  0.0712823
 -0.554192 0.00125784   0.071282
 -0.554193 0.00126134  0.0712826
 -0.554195 0.00125682  0.0712886
 -0.554197 0.00125151  0.0712951
 -0.554196 0.00124819  0.0712944
 -0.554197 0.00124994  0.0712955
 -0.554197 0.00124391  0.0712929
 -0.554204 0.00124258  0.0712993
 -0.554217 0.00123296  0.0713288
 -0.554218 0.00123521   0.071334
 -0.554223 0.00124682   0.071341
 -0.554223 0.00124844  0.0713429
 -0.554234 0.00126433  0.0713674
 -0.554245 0.00127623  0.0713955
 -0.554245 0.00127991  0.0713951
 -0.554246 0.00129171  0.0713958
 -0.554246 0.00129536  0.0713957
 -0.554248 0.00130102  0.0713983
 -0.554247 0.00129794  0.0714013
  -0.55425 0.00130378  0.0714055
  -0.55425 0.00130256  0.0714128
 -0.554249 0.00130161  0.0714129
 -0.554248 0.00129853  0.0714115
 -0.554244 0.00128764  0.0713959
 -0.554241 0.00128579  0.0713923
  -0.55424 0.00128462  0.0713906
 -0.554234 0.00128758  0.0713773
 -0.554234 0.00128917   0.071375
 -0.554237 0.00128998  0.0713781
 -0.554243 0.00129422  0.0713887
 -0.554245 0.00129659  0.0713905
 -0.554248 0.00130271  0.0713909
 -0.554248 0.00130314  0.0713915
 -0.554248 0.00130854  0.0713881
  -0.55425 0.00131032  0.0713937
 -0.554251 0.00131224  0.0713961
 -0.554254 0.00131642  0.0714003
 -0.554255 0.00132466   0.071396
 -0.554256 0.00132329  0.0713972
 -0.554256 0.00132874  0.0713945
 -0.554253 0.00133783  0.0713889
-0.554251 0.0013353 0.0713848
 -0.554254 0.00134639  0.0713839
 -0.554254 0.00135101  0.0713822
 -0.554257 0.00136313  0.0713859
 -0.554255 0.00137961  0.0713852
 -0.554254 0.00140555  0.0713774
  -0.55426 0.00142396  0.0713816
 -0.554255 0.00143434  0.0713719
 -0.554254 0.00144179  0.0713681
 -0.554255 0.00144471  0.0713685
 -0.554256 0.00144411   0.071368
 -0.554256 0.00144975  0.0713658
 -0.554253 0.00144554  0.0713619
 -0.554253 0.00144854  0.0713589
 -0.554253 0.00145129  0.0713528
 -0.554253 0.00145299  0.0713505
-0.554252   0.00145 0.0713509
 -0.554251 0.00145018  0.0713499
  -0.55425 0.00145166  0.0713471
 -0.554251 0.00145207  0.0713482
  -0.55425 0.00145151  0.0713442
  -0.55425 0.00145228  0.0713399
 -0.554247 0.00144774   0.071337
 -0.554247 0.00144915  0.0713372
 -0.554246 0.00144771  0.0713342
 -0.554244 0.00144722  0.0713314
 -0.554241 0.00144505  0.0713252
 -0.554243 0.00144692  0.0713249
 -0.554242 0.00144727  0.0713247
 -0.554242 0.00144533  0.0713213
  -0.55424 0.00144467  0.0713197
-0.554241 0.0014435 0.0713198
  -0.55424 0.00144383  0.0713191
-0.554238   0.00144 0.0713134
 -0.554237 0.00143967  0.0713123
 -0.554238 0.00143915  0.0713132
 -0.554238 0.00144403  0.0713122
 -0.554237 0.00144148  0.0713108
 -0.554238 0.00144302  0.0713116
 -0.554236 0.00143982  0.0713091
 -0.554237 0.00144258  0.0713095
 -0.554237 0.00144088  0.0713095
 -0.554238 0.00144082  0.0713103
 -0.554236 0.00144112  0.0713084
 -0.554236 0.00144162  0.0713062
 -0.554235 0.00144188  0.0713054
 -0.554235 0.00144052  0.0713056
 -0.554234 0.00143914  0.0713046
 -0.554235 0.00144028  0.0713053
 -0.554234 0.00144059  0.0713055
 -0.554234 0.00144071  0.0713014
 -0.554234 0.00144117  0.0713011
 -0.554234 0.00144126  0.0713025
 -0.554234 0.00144077  0.0713016
 -0.554234 0.00143938  0.0713022
 -0.554233 0.00143911  0.0712997
 -0.554235 0.00144229  0.0713015
 -0.554233 0.00143961  0.0712989
-0.554232 0.0014383 0.0712993
 -0.554234 0.00144026   0.071299
 -0.554233 0.00144068  0.0712985
-0.554232 0.0014395  0.071298
-0.554232 0.0014383 0.0712994
 -0.554232 0.00143962  0.0712972
 -0.554232 0.00143972  0.0712973
 -0.554232 0.00144022  0.0712983
 -0.554232 0.00143839  0.0712962
 -0.554233 0.00143981  0.0712992
-0.554233 0.0014447 0.0713004
 -0.554234 0.00144011  0.0713043
 -0.554233 0.00143656  0.0713028
 -0.554232 0.00144081     0.0713
 -0.554234 0.00144255  0.0713035
 -0.554235 0.00143951   0.071306
 -0.554235 0.00144314  0.0713053
 -0.554235 0.00144209  0.0713054
 -0.554236 0.00144265  0.0713058
 -0.554236 0.00144186  0.0713069
 -0.554235 0.00144125   0.071307
 -0.554235 0.00144386  0.0713045
-0.554236 0.0014407 0.0713067
 -0.554237 0.00144314  0.0713072
 -0.554236 0.00144237  0.0713058
 -0.554236 0.00144247  0.0713076
-0.554236 0.0014418  0.071309
-0.554237 0.0014426 0.0713098
 -0.554238 0.00144346  0.0713103
 -0.554237 0.00144124  0.0713114
 -0.554239 0.00144627  0.0713107
 -0.554237 0.00144314  0.0713104
 -0.554239 0.00144467   0.071311
 -0.554239 0.00144408  0.0713124
  -0.55424 0.00144394  0.0713144
  -0.55424 0.00144388  0.0713141
  -0.55424 0.00144298  0.0713165
 -0.554241 0.00144547  0.0713174
-0.554241 0.0014463 0.0713176
 -0.554241 0.00144332  0.0713175
 -0.554241 0.00144405  0.0713157
 -0.554241 0.00144493  0.0713168
 -0.554242 0.00144483  0.0713195
 -0.554244 0.00144737  0.0713237
 -0.554243 0.00144375  0.0713229
 -0.554243 0.00144516  0.0713228
 -0.554244 0.00144471  0.0713245
-0.554245 0.0014453 0.0713249
 -0.554245 0.00144766  0.0713263
 -0.554248 0.00144676    0.07133
 -0.554248 0.00144784  0.0713303
 -0.554248 0.00144968  0.0713311
 -0.554249 0.00144789  0.0713333
 -0.554248 0.00144927  0.0713316
  -0.55425 0.00145089  0.0713341
  -0.55425 0.00145117  0.0713357
  -0.55425 0.00144762  0.0713361
 -0.554251 0.00145101  0.0713373
 -0.554254 0.00145087  0.0713453
 -0.554257 0.00145232  0.0713505
 -0.554257 0.00145329  0.0713514
 -0.554258 0.00145451  0.0713517
 -0.554257 0.00145195  0.0713514
 -0.554257 0.00145207  0.0713517
 -0.554255 0.00145012  0.0713508
 -0.554257 0.00145222  0.0713521
 -0.554258 0.00145155  0.0713521
 -0.554258 0.00144996  0.0713536
 -0.554256 0.00144925  0.0713515
 -0.554256 0.00145042  0.0713506
 -0.554257 0.00145306   0.071352
 -0.554257 0.00144908  0.0713534
 -0.554256 0.00145092  0.0713518
 -0.554258 0.00145181  0.0713543
 -0.554257 0.00145054  0.0713529
 -0.554258 0.00145264  0.0713546
 -0.554257 0.00145136  0.0713527
 -0.554256 0.00144985  0.0713515
 -0.554258 0.00145121  0.0713531
 -0.554257 0.00145117  0.0713524
 -0.554258 0.00145105  0.0713541
 -0.554259 0.00145311  0.0713567
 -0.554258 0.00145224   0.071356
 -0.554256 0.00145074  0.0713525
 -0.554258 0.00145083  0.0713543
 -0.554257 0.00144934  0.0713532
 -0.554258 0.00145265  0.0713534
-0.554258 0.0014525  0.071354
-0.554257 0.0014511 0.0713535
 -0.554257 0.00145253  0.0713528
 -0.554258 0.00144753  0.0713552
 -0.554257 0.00145005  0.0713535
 -0.554257 0.00144932  0.0713542
 -0.554258 0.00145209  0.0713533
 -0.554257 0.00145056  0.0713535
 -0.554257 0.00144868   0.071353
 -0.554257 0.00145154  0.0713532
 -0.554257 0.00145296  0.0713533
 -0.554256 0.00145227  0.0713517
 -0.554257 0.00145238  0.0713535
 -0.554257 0.00145239  0.0713532
 -0.554258 0.00145128  0.0713544
 -0.554257 0.00144921  0.0713539
 -0.554257 0.00144929  0.0713543
 -0.554257 0.00145068  0.0713525
 -0.554256 0.00145083  0.0713532
-0.554258 0.0014506 0.0713552
 -0.554259 0.00145255  0.0713556
 -0.554257 0.00145198  0.0713539
 -0.554256 0.00145015  0.0713521
 -0.554257 0.00144977  0.0713547
 -0.554257 0.00144842  0.0713551
 -0.554259 0.00145119  0.0713565
 -0.554257 0.00144967  0.0713545
 -0.554256 0.00145119   0.071354
 -0.554258 0.00145049  0.0713559
 -0.554257 0.00145189  0.0713541
 -0.554256 0.00145164  0.0713534
 -0.554257 0.00144829  0.0713544
 -0.554257 0.00145104   0.071354
 -0.554257 0.00144747  0.0713545
 -0.554257 0.00144969   0.071354
 -0.554257 0.00145087  0.0713548
 -0.554257 0.00145042  0.0713553
 -0.554257 0.00144907  0.0713556
 -0.554257 0.00144976  0.0713541
 -0.554257 0.00145071  0.0713526
 -0.554258 0.00145063  0.0713558
 -0.554258 0.00144963  0.0713551
 -0.554257 0.00144782  0.0713554
 -0.554256 0.00144661  0.0713542
 -0.554257 0.00144767   0.071356
 -0.554256 0.00144885  0.0713531
 -0.554256 0.00144956  0.0713534
 -0.554257 0.00144833  0.0713549
 -0.554256 0.00145041  0.0713554
 -0.554257 0.00145124  0.0713543
-0.554255 0.0014493 0.0713533
 -0.554256 0.00145194  0.0713526
 -0.554255 0.00144723  0.0713548
 -0.554257 0.00144808  0.0713562
 -0.554255 0.00145101   0.071352
 -0.554255 0.00144735  0.0713534
-0.554256   0.00145 0.0713538
 -0.554255 0.00144736  0.0713534
 -0.554256 0.00145263  0.0713501
 -0.554258 0.00145447  0.0713501
 -0.554259 0.00145633  0.0713514
 -0.554256 0.00145457  0.0713472
 -0.554258 0.00145652  0.0713496
 -0.554258 0.00145624   0.071347
 -0.554258 0.00145482  0.0713483
  -0.55426 0.00145921  0.0713497
 -0.554259 0.00145859   0.071347
 -0.554259 0.00145966  0.0713479
-0.554259 0.0014598 0.0713465
  -0.55426 0.00145889  0.0713478
 -0.554259 0.00146001  0.0713475
-0.554259  0.001459  0.071347
 -0.55426 0.0014593 0.0713472
 -0.554259 0.00145814  0.0713464
 -0.554259 0.00145664   0.071346
 -0.554259 0.00146025  0.0713465
 -0.554259 0.00145943  0.0713456
 -0.554257 0.00145872  0.0713434
  -0.55426 0.00145924  0.0713468
 -0.554261 0.00146233  0.0713456
 -0.554259 0.00146102  0.0713439
 -0.554258 0.00145994   0.071343
-0.554259 0.0014614 0.0713443
  -0.55426 0.00146154  0.0713444
  -0.55426 0.00146077  0.0713433
  -0.55426 0.00146151  0.0713435
  -0.55426 0.00146106  0.0713447
 -0.554259 0.00146036  0.0713443
  -0.55426 0.00146268  0.0713463
 -0.554259 0.00146154  0.0713456
  -0.55426 0.00146311  0.0713448
-0.554259 0.0014613 0.0713446
 -0.554259 0.00145996  0.0713463
 -0.554261 0.00146046  0.0713463
  -0.55426 0.00146188  0.0713439
  -0.55426 0.00145955  0.0713445
 -0.554259 0.00146031  0.0713456
 -0.554259 0.00146192  0.0713438
 -0.554261 0.00146185  0.0713462
 -0.55426 0.0014605 0.0713451
 -0.554259 0.00146043  0.0713438
 -0.554259 0.00146048  0.0713431
 -0.554259 0.00145988  0.0713453
  -0.55426 0.00145929  0.0713471
 -0.554259 0.00145989   0.071345
 -0.554259 0.00145935  0.0713445
 -0.554259 0.00145778  0.0713449
 -0.554259 0.00145881  0.0713447
 -0.554259 0.00145931  0.0713427
  -0.55426 0.00145926  0.0713458
 -0.55426 0.0014601 0.0713448
  -0.55426 0.00145861  0.0713469
 -0.554261 0.00146264  0.0713456
 -0.554259 0.00145937  0.0713432
  -0.55426 0.00146171  0.0713439
 -0.554261 0.00146049  0.0713468
  -0.55426 0.00145966  0.0713472
  -0.55426 0.00146246  0.0713453
-0.554261 0.0014592 0.0713468
 -0.554261 0.00146256  0.0713464
 -0.554259 0.00146096  0.0713439
 -0.554259 0.00146162   0.071345
  -0.55426 0.00146059  0.0713451
 -0.554258 0.00145921  0.0713429
 -0.554258 0.00145825  0.0713446
  -0.55426 0.00145926  0.0713467
  -0.55426 0.00145934   0.071345
  -0.55426 0.00145459  0.0713469
 -0.554259 0.00145004   0.071345
 -0.554261 0.00143435  0.0713479
 -0.554262 0.00143496  0.0713473
 -0.554261 0.00143413  0.0713488
 -0.554259 0.00143303  0.0713455
 -0.554262 0.00143618  0.0713481
 -0.554261 0.00143647  0.0713468
 -0.554262 0.00143609  0.0713479
 -0.554262 0.00143395  0.0713482
 -0.554261 0.00143564  0.0713483
 -0.554261 0.00143465  0.0713482
 -0.554262 0.00143522  0.0713476
 -0.554262 0.00143618  0.0713486
 -0.554262 0.00143529  0.0713475
 -0.554261 0.00143436   0.071348
 -0.554263 0.00143732  0.0713475
 -0.554263 0.00143549  0.0713465
 -0.554266 0.00143391  0.0713499
 -0.554268 0.00143626  0.0713489
 -0.554267 0.00143524  0.0713481
 -0.554269 0.00143613  0.0713517
  -0.55427 0.00143933  0.0713493
 -0.554274 0.00144412  0.0713521
 -0.554274 0.00144842  0.0713519
 -0.554275 0.00144661  0.0713518
 -0.554276 0.00145383  0.0713502
-0.554276 0.0014535   0.07135
 -0.554277 0.00145563  0.0713507
 -0.554277 0.00145614  0.0713501
-0.554275 0.0014531 0.0713507
 -0.554276 0.00145478  0.0713506
 -0.554276 0.00144998  0.0713488
 -0.554277 0.00145347  0.0713502
 -0.554275 0.00145032   0.071349
 -0.554277 0.00145531  0.0713498
 -0.554277 0.00145387  0.0713508
 -0.554278 0.00145426  0.0713518
-0.554276 0.0014514 0.0713501
 -0.554277 0.00145021  0.0713499
 -0.554276 0.00145251   0.071351
 -0.554276 0.00145255  0.0713493
 -0.554277 0.00145148  0.0713502
 -0.554278 0.00145437  0.0713502
 -0.554277 0.00145338  0.0713505
 -0.554278 0.00145191  0.0713517
 -0.554279 0.00145399   0.071353
-0.554281 0.0014547 0.0713511
-0.554279 0.0014512 0.0713512
  -0.55428 0.00145324  0.0713502
 -0.554279 0.00145259  0.0713516
  -0.55428 0.00145395  0.0713503
 -0.554281 0.00145218  0.0713515
 -0.554281 0.00145072  0.0713518
 -0.554283 0.00145067  0.0713526
 -0.554283 0.00144915  0.0713512
 -0.554286 0.00144921  0.0713539
 -0.554284 0.00144584  0.0713525
 -0.554287 0.00144651  0.0713536
 -0.554288 0.00144629  0.0713547
 -0.554288 0.00144164  0.0713535
-0.554288 0.0014442  0.071352
 -0.554288 0.00143313  0.0713524
 -0.554288 0.00142231  0.0713533
 -0.554288 0.00141758  0.0713539
 -0.554287 0.00141597  0.0713541
 -0.554288 0.00140457   0.071354
 -0.554287 0.00140394  0.0713544
 -0.554287 0.00140316  0.0713533
 -0.554287 0.00140168  0.0713541
 -0.554286 0.00140135  0.0713533
 -0.554285 0.00140133  0.0713515
 -0.554286 0.00140179  0.0713543
 -0.554286 0.00140715  0.0713507
 -0.554286 0.00141276  0.0713544
 -0.554287 0.00141424  0.0713514
 -0.554289 0.00142329  0.0713536
 -0.554289 0.00142929  0.0713526
  -0.55429 0.00143047  0.0713536
 -0.554291 0.00143207  0.0713535
 -0.554291 0.00143281  0.0713537
 -0.554291 0.00143773  0.0713522
 -0.554291 0.00143811  0.0713524
 -0.554292 0.00143987  0.0713537
 -0.554292 0.00143867   0.071353
 -0.554292 0.00143982  0.0713517
 -0.554293 0.00144086  0.0713535
 -0.554292 0.00143796  0.0713535
 -0.554292 0.00144061  0.0713527
 -0.554292 0.00144002  0.0713538
 -0.554293 0.00144085  0.0713525
 -0.554293 0.00144091  0.0713524
 -0.554293 0.00143714  0.0713541
 -0.554292 0.00143939  0.0713511
-0.554291 0.0014359  0.071353
 -0.554291 0.00143692  0.0713524
 -0.554293 0.00143975   0.071353
 -0.554292 0.00144234   0.071351
 -0.554293 0.00144005  0.0713524
-0.554294  0.001442 0.0713529
 -0.554293 0.00143967  0.0713535
-0.554293 0.0014418  0.071353
 -0.554293 0.00144201  0.0713526
 -0.554292 0.00144024  0.0713522
 -0.554293 0.00143901  0.0713524
 -0.554294 0.00144255   0.071352
 -0.554294 0.00143827  0.0713542
 -0.554293 0.00144059  0.0713522
 -0.554292 0.00144028  0.0713509
 -0.554293 0.00144216  0.0713525
 -0.554292 0.00143878  0.0713511
 -0.554293 0.00144026  0.0713536
 -0.554295 0.00144131  0.0713542
 -0.554293 0.00143988  0.0713516
 -0.554292 0.00144068  0.0713516
 -0.554292 0.00143718  0.0713512
 -0.554294 0.00143987  0.0713525
 -0.554294 0.00144073  0.0713532
 -0.554293 0.00144168  0.0713537
 -0.554292 0.00143876   0.071351
 -0.554296 0.00144314  0.0713548
 -0.554293 0.00143838  0.0713532
 -0.554294 0.00143912  0.0713539
 -0.554294 0.00144135  0.0713537
 -0.554295 0.00144384  0.0713542
-0.554295 0.0014399 0.0713546
 -0.554293 0.00143952  0.0713516
-0.554293 0.0014385 0.0713527
 -0.554293 0.00144094  0.0713529
 -0.554293 0.00144042  0.0713532
 -0.554293 0.00143937   0.071353
 -0.554292 0.00144028  0.0713519
 -0.554294 0.00144026  0.0713519
 -0.554293 0.00144032  0.0713532
 -0.554294 0.00143933  0.0713523
 -0.554292 0.00143747  0.0713514
 -0.554294 0.00144216  0.0713528
 -0.554293 0.00144045  0.0713534
-0.554294 0.0014387 0.0713537
 -0.554293 0.00144031   0.071353
 -0.554293 0.00144064  0.0713521
 -0.554293 0.00144033  0.0713518
 -0.554293 0.00144217  0.0713521
 -0.554293 0.00144212  0.0713494
 -0.554292 0.00143784  0.0713526
 -0.554293 0.00144189  0.0713525
 -0.554295 0.00144083  0.0713539
 -0.554293 0.00144068  0.0713537
 -0.554294 0.00144085  0.0713535
 -0.554293 0.00144055  0.0713509
 -0.554294 0.00143911  0.0713533
-0.554294 0.0014412 0.0713545
 -0.554293 0.00143936  0.0713537
 -0.554295 0.00144215  0.0713548
 -0.554294 0.00144165  0.0713549
 -0.554294 0.00144204   0.071353
 -0.554293 0.00143903  0.0713528
 -0.554294 0.00143985  0.0713537
 -0.554296 0.00144339  0.0713549
 -0.554294 0.00144324  0.0713532
 -0.554293 0.00144039  0.0713523
 -0.554294 0.00144278  0.0713533
 -0.554295 0.00144086  0.0713535
 -0.554294 0.00144263  0.0713528
 -0.554295 0.00144203  0.0713529
-0.554294 0.0014436 0.0713521
 -0.554295 0.00144134  0.0713537
 -0.554294 0.00144179  0.0713533
 -0.554294 0.00144028  0.0713534
 -0.554295 0.00144044  0.0713553
 -0.554294 0.00144237  0.0713537
 -0.554295 0.00144255   0.071354
 -0.554294 0.00144288  0.0713512
 -0.554294 0.00144064  0.0713532
 -0.554295 0.00144186  0.0713521
 -0.554293 0.00144043  0.0713516
 -0.554295 0.00144378  0.0713526
 -0.554295 0.00144088  0.0713536
 -0.554293 0.00144103   0.071353
 -0.554294 0.00144099  0.0713506
 -0.554294 0.00144196  0.0713513
 -0.554294 0.00144251  0.0713519
 -0.554294 0.00144231  0.0713529
 -0.554294 0.00144219  0.0713531
 -0.554293 0.00144004  0.0713516
 -0.554293 0.00144021  0.0713503
 -0.554295 0.00144477  0.0713532
 -0.554294 0.00144259  0.0713518
 -0.554295 0.00144234   0.071354
 -0.554294 0.00144339  0.0713524
 -0.554293 0.00144161   0.071349
 -0.554294 0.00143924  0.0713531
 -0.554296 0.00144247  0.0713543
 -0.554294 0.00144363  0.0713531
 -0.554295 0.00144325  0.0713553
 -0.554294 0.00144033  0.0713531
 -0.554295 0.00144137   0.071353
 -0.554295 0.00144329  0.0713539
 -0.554295 0.00144368  0.0713544
 -0.554295 0.00144192  0.0713536
 -0.554296 0.00144008  0.0713548
 -0.554295 0.00144177  0.0713545
 -0.554294 0.00144389  0.0713505
 -0.554294 0.00144121  0.0713526
 -0.554295 0.00144043   0.071354
 -0.554295 0.00144201  0.0713525
 -0.554294 0.00144252  0.0713526
 -0.554294 0.00144212  0.0713518
-0.554293 0.0014405 0.0713514
 -0.554296 0.00144345  0.0713545
 -0.554294 0.00144067  0.0713513
-0.554294 0.0014411 0.0713533
 -0.554295 0.00144137  0.0713531
 -0.554294 0.00144283  0.0713523
 -0.554294 0.00144222  0.0713521
 -0.554294 0.00144189  0.0713516
 -0.554295 0.00144106  0.0713534
 -0.554295 0.00144354  0.0713521
 -0.554294 0.00144065   0.071352
 -0.554295 0.00144377  0.0713534
 -0.554294 0.00144139  0.0713531
 -0.554295 0.00144286  0.0713526
 -0.554294 0.00144177  0.0713535
 -0.554295 0.00144027  0.0713544
 -0.554293 0.00144104  0.0713505
 -0.554295 0.00144398  0.0713519
-0.554294 0.0014427 0.0713519
 -0.554295 0.00144267  0.0713528
 -0.554294 0.00144194  0.0713524
 -0.554295 0.00144219  0.0713526
 -0.554295 0.00144206  0.0713532
-0.554295 0.0014425 0.0713522
 -0.554294 0.00144248  0.0713512
 -0.554295 0.00144338  0.0713529
 -0.554295 0.00144156   0.071354
 -0.554295 0.00144096  0.0713531
 -0.554294 0.00144114  0.0713535
 -0.554296 0.00144098  0.0713547
 -0.554295 0.00144226  0.0713532
 -0.554295 0.00144312   0.071352
 -0.554294 0.00144241  0.0713524
 -0.554294 0.00144279  0.0713518
 -0.554295 0.00144187  0.0713531
 -0.554295 0.00144424  0.0713527
 -0.554294 0.00144285  0.0713527
 -0.554294 0.00144049  0.0713526
 -0.554295 0.00144113  0.0713542
 -0.554295 0.00144324  0.0713528
 -0.554295 0.00144393  0.0713543
 -0.554294 0.00144184  0.0713531
 -0.554295 0.00144356  0.0713524
 -0.554296 0.00144153  0.0713546
 -0.554295 0.00144105  0.0713545
 -0.554294 0.00144193  0.0713527
 -0.554295 0.00144334  0.0713527
 -0.554295 0.00144321  0.0713526
 -0.554294 0.00144045  0.0713513
 -0.554294 0.00144265  0.0713518
 -0.554295 0.00144428   0.071352
 -0.554295 0.00144311  0.0713534
 -0.554295 0.00144028  0.0713539
 -0.554294 0.00144118  0.0713537
 -0.554294 0.00144117  0.0713536
 -0.554294 0.00144258  0.0713526
-0.554295 0.0014422 0.0713548
-0.554294 0.0014425  0.071352
 -0.554295 0.00144311  0.0713513
 -0.554295 0.00144324  0.0713538
 -0.554293 0.00144008  0.0713517
 -0.554294 0.00144007  0.0713531
 -0.554295 0.00144068  0.0713522
-0.554294 0.0014406 0.0713534
 -0.554294 0.00144177  0.0713521
 -0.554295 0.00144193  0.0713553
 -0.554294 0.00144117  0.0713536
 -0.554294 0.00144416  0.0713521
 -0.554293 0.00144079  0.0713512
 -0.554295 0.00144086  0.0713536
 -0.554294 0.00144202  0.0713519
 -0.554294 0.00144201  0.0713536
 -0.554296 0.00144078   0.071356
 -0.554295 0.00144198  0.0713531
 -0.554295 0.00144216  0.0713535
 -0.554295 0.00144322  0.0713542
-0.554295 0.0014443 0.0713527
-0.554295 0.0014436 0.0713532
 -0.554295 0.00144217  0.0713521
-0.554295 0.0014429 0.0713525
 -0.554295 0.00144087  0.0713543
 -0.554295 0.00144328  0.0713536
 -0.554293 0.00144184  0.0713505
-0.554295 0.0014434 0.0713527
 -0.554294 0.00144214   0.071354
 -0.554294 0.00144215  0.0713524
 -0.554295 0.00144311  0.0713543
 -0.554294 0.00144009  0.0713513
 -0.554294 0.00144307  0.0713522
-0.554295 0.0014426 0.0713538
 -0.554294 0.00143938  0.0713534
 -0.554294 0.00144071  0.0713532
 -0.554296 0.00144317  0.0713565
 -0.554294 0.00144393  0.0713532
 -0.554295 0.00144213  0.0713528
 -0.554294 0.00144067  0.0713541
