iteration: 1
PANDA LEFT
0.000724942819757596	0.000613772269134616	-0.00163655661067958	 0.00212508509802297
-0.000208027195719414	 2.53582378686186e-05	 -0.00767094222059517	  0.00498852165649376
9.22728106097404e-05	-0.00197528794419816	  -0.005448655739633	-0.00244748930454592
-0.000759449191532101	-0.000814094443620422	 -0.00580317551665452	  0.00560478935530157
-0.000922351059833031	  -0.0010672962256842	   0.0117879179073759	 -0.00122424200123728
-0.000355649266540919	 -0.00147668782168855	  -0.0127938537489279	  0.00167209437739039
-0.000819545207873613	 7.20457242728858e-08	   0.0122504949003544	 -0.00211407985328693
PANDA RIGHT
 -0.00151710804165835	-0.000334261105276249	-0.000879587610118073	 -0.00276408468292865
  0.00021066279799227	-0.000259669078912016	 -0.00281535666929365	 0.000505103014347592
0.000154443008800986	-0.00112397773213164	 0.00166347406501247	-0.00174478515030694
-0.000202247325591534	  0.00040930081497761	 -0.00172298470110868	  0.00320134452622988
 -0.00174840885165391	-0.000861684414897096	   0.0129009502156731	-0.000336133824990256
-0.000731404808977984	 0.000322071817763729	 -0.00896683536018108	 -0.00250069250509885
-0.00067408428296626	2.94072979111864e-07	-0.00100304734917721	 0.00079778522489034
PANDA TOP
 1.58408497986492e-05	-0.000318290727470348	  0.00162641201648908	 -0.00151767542867519
-0.000558583650049305	-0.000204202692038951	 0.000174107980250695	  0.00360273303759506
0.000328466513500893	-0.00146481049997011	 0.00361722302738778	-0.00420938526727859
-2.31897618307669e-05	  0.00178348576889575	 -0.00676954451620549	 -0.00139387065478772
 -0.00121082046003123	-0.000283034483436431	  0.00407232845474457	  -0.0019987024527619
 0.00127002346549592	 0.00080353172960729	-0.00336048645701719	-0.00823811508726707
-0.000122119192772376	 9.47879415656442e-08	  -0.0121327272792803	  0.00190666284623024


iteration: 2
PANDA LEFT
0.000599257982795893	0.000323472230176377	-0.00168721827739058	0.000736075926513156
-0.000462417841152342	-0.000528200993391107	 -0.00764454515251768	  0.00481416579501033
0.000349878924130274	-0.00145875172380401	-0.00118319495211149	 -0.0042377198649215
-0.00053931853793891	 0.00121231368908471	  -0.006242375884325	 0.00201969818470756
 -0.00037941696681684	-0.000752614599248852	  0.00937601866137894	 -0.00043360948742632
-0.000494874341038944	-0.000499088410993869	  -0.0142272209198773	 -0.00426052081601874
-0.000355436880143895	 2.84455359876022e-07	   0.0218961027907533	 0.000149886506776155
PANDA RIGHT
 -0.00150392419841326	-0.000160263745070508	 -0.00326087753134922	 -0.00282692647983195
 2.39575247657128e-05	-3.26952197595999e-05	 -0.00475221105615564	  0.00257915866619236
 0.000339411127912701	-0.000817115561909353	  0.00233402246698806	 -0.00299725484480996
 6.53605925474843e-06	 0.000556044528800669	-0.000933672975765109	  0.00347432349185165
 -0.00107908960314606	-0.000402334892827469	   0.0124857804695783	 0.000336488121221631
-0.000411598779423143	 0.000110514239938073	  -0.0123386692689504	 -0.00289669355165803
-0.000761767713995144	 7.45198862425731e-07	 -0.00267606104588772	   0.0001768522979364
PANDA TOP
-7.13761304521232e-05	-0.000151532001939108	   0.0025959048136831	 -0.00293849369598452
 -0.00074972311610687	-0.000404327068855015	 0.000530068603224682	  0.00190124262289484
 0.000160781426011681	-0.000702927595338599	  0.00197623650131034	 -0.00269312730994654
-0.000159090635727063	 0.000533786502955926	 -0.00560081305417273	-0.000694008022412548
-9.65536832043059e-05	-0.000689465557919754	  0.00450107139722879	-0.000418790480020305
-8.86545658862986e-05	-3.11553880714592e-05	 0.000166027321322074	 -0.00447411096922912
-0.000340249476431761	  3.0455937272057e-07	  -0.0198034365706859	 -0.00119704239135355


iteration: 3
PANDA LEFT
 0.000662998993313056	-7.20912685131373e-06	 -0.00285583957506438	 5.86764552748932e-05
-0.000174698172191152	-0.000282587937704155	 -0.00837886824956269	   0.0044002860526083
-1.44034861267146e-06	 -0.00109133080369513	 0.000561195498453992	 -0.00303761310550247
-0.000293430500427351	 0.000832493289012241	 -0.00530606991627577	  0.00101130606044232
-0.000280248165205947	-0.000686912299829958	   0.0097125503391878	  0.00207287035929832
-0.000356340659172848	-0.000562933381350065	  -0.0158700647871154	 -0.00512766100376178
-0.000449987386666934	 7.69142731563676e-07	   0.0227561999590115	  0.00137739059487688
PANDA RIGHT
-0.00117134392910026	0.000179929662376543	-0.00273198574361063	-0.00289207237891269
-0.000108235421765947	-0.000355716829302079	 -0.00341240653534102	  0.00184977507591397
-3.38299478332697e-05	-0.000839048800960544	  0.00224434236632434	 -0.00282299863375592
   0.0002036308662074	  0.00120731876494026	-0.000468474640910482	  0.00277831179838305
 -0.00106914608647261	-0.000450111538397744	   0.0139773916770103	 -0.00123701678910617
-0.000572897452811867	  0.00034254186264013	  -0.0141975314501313	 -0.00249392538498515
-0.000852518031897504	  1.3890205180889e-06	-0.000809542559159825	-0.000174974823892744
PANDA TOP
 9.2867126956668e-05	-0.00040006626385989	  0.0025996189485367	-0.00387056461398742
-0.000574156310787116	-9.58171159207957e-05	 -0.00053609961721171	  0.00184049150792651
 7.99543440604239e-05	-0.000638884981579543	  0.00137005591639152	 -0.00163564175367182
-0.000213797135169759	 0.000575448235509227	 -0.00565914110353592	 -0.00054130287757425
 6.96463727292089e-07	-0.000792397760090609	  0.00475165036364662	 -0.00101832074632701
-0.000408267106010075	-4.61990020702298e-05	-0.000358426230733162	 -0.00416579315995757
-0.000527151718068943	  5.0688697091568e-07	  -0.0216768476309696	  0.00125687704415885


iteration: 4
PANDA LEFT
 0.000743706475442903	-5.58098548225934e-05	  -0.0024444265990945	 0.000368136090572911
-0.000271890493475609	 -0.00048118687969699	 -0.00783069184712948	  0.00409358496146973
 6.77582337019182e-05	 -0.00119987736250006	-0.000518280299902855	  -0.0034224564846608
-0.000449124879317954	  0.00107350233354448	 -0.00588014869443015	   0.0015990500770927
-0.000386017436691104	-0.000655949042671259	  0.00971580720704371	 4.03088340969787e-05
-0.000570050520074635	-0.000316741890725069	  -0.0150028073376006	 -0.00529291600418942
-0.000375731912050937	  1.0241377504465e-06	   0.0218519052532892	 0.000532418281694685
PANDA RIGHT
 -0.00124301645901588	-0.000105148174433111	 -0.00350050334017016	 -0.00388478920816318
1.80537132399458e-05	-0.00026403238113804	-0.00467049876061325	 0.00304608793821718
0.000234567360791017	-0.00100771749963574	 0.00254752192091959	-0.00386268255116318
-1.71819440750065e-05	  0.00119295416775848	 0.000456936736713248	  0.00298245974799044
-0.000931398915542674	-0.000395981569643506	   0.0130912848615003	-0.000654309472401886
-0.000914114885819195	 0.000637542232230669	  -0.0132788569236673	 -0.00347281568067576
 -0.00106094488383349	 1.99657759998938e-06	-0.000830057296736574	 0.000547538965997739
PANDA TOP
0.000126465849225173	0.000337497358585211	  0.0014395037179776	-0.00468674225281719
-0.000633714576963891	-0.000197360390511667	 0.000425913705598676	  0.00115668548307199
-6.89371631945197e-05	-0.000663494407621898	  0.00272338546156742	 -0.00170400171210022
-0.000296686618497027	 0.000803311694396279	 -0.00497562249935217	-6.75749630311476e-05
 0.000290898228083382	-0.000809007249526843	  0.00439266967005081	 -0.00137551627444912
-0.000413335945867549	-0.000117232576000905	-3.34392525476164e-05	 -0.00368266352131946
-0.000573943807366205	 7.13615141577216e-07	  -0.0205869690186893	 0.000143566896313912


iteration: 5
PANDA LEFT
 0.000789374228658328	 0.000131700325526781	 -0.00305208873679529	-0.000359443248009838
-0.000192011056618496	-0.000287054585340077	  -0.0081704288295836	  0.00471980729207452
2.68714289875174e-05	-0.00116081622428021	0.000388761183382847	-0.00327912895746201
-0.000312669168410614	   0.0010144881109682	 -0.00563276848486986	  0.00181273118373419
-0.000446406937031661	-0.000517885649959985	  0.00976647546285178	  0.00155059310853179
-0.000339523308297927	-0.000413584615247256	  -0.0159403823317447	 -0.00474350407162695
-0.00039146415242903	1.43483591993731e-06	  0.0234655910281839	 0.00102898337864069
PANDA RIGHT
-0.00146330457619144	2.60602017212829e-05	-0.00356964046644184	-0.00328620468384013
-0.000100810470534299	-0.000277194468625772	 -0.00363671635758759	  0.00227397194131858
-4.08254871031078e-06	-0.000860267437579602	  0.00216771268045293	 -0.00299688048698879
0.000238942363876778	 0.00118170298079396	  -0.000332945305522	 0.00290109892077451
 -0.00115442229319948	-0.000195670040324234	   0.0143023218575142	 -0.00118166976305769
-0.000681334503952431	 0.000416202387678134	  -0.0143116340204157	  -0.0027179791057248
-0.000925547473326383	 2.64149074000401e-06	 -0.00119587033934722	 0.000419921593657333
PANDA TOP
  8.1807548146253e-05	-0.000325178742997882	   0.0021194257678616	  -0.0045179461620348
 -0.00051361559933292	-0.000114486841521734	-0.000582668978508515	   0.0020071384179097
-1.72601813085279e-05	-0.000578633105928449	  0.00176290354183568	 -0.00194374497556567
-0.000267118159512671	 0.000731019827192457	  -0.0057139583796192	 7.07388961053334e-06
 9.12771560960659e-05	-0.000837674080549734	  0.00458022133214324	 -0.00143841637783046
-0.000499628004433902	-6.93771712477745e-05	 0.000227465537698826	 -0.00313393498978696
-0.000648597992007353	 8.34996232136137e-07	  -0.0220722685269935	  0.00116243477010642


iteration: 6
PANDA LEFT
 0.000798380903503434	-0.000125607148580035	 -0.00273838996446095	 0.000407166685222271
 -0.00017178770851798	-0.000477720692707904	 -0.00780644640787153	  0.00419391333370681
 -3.8322144473723e-05	 -0.00116551328821339	-4.52143281533936e-05	 -0.00360758987273663
-0.000395334843489551	 0.000913542208824973	 -0.00607143396590521	  0.00130963595197859
-0.000319844487155658	 -0.00065902844409735	  0.00984742172456818	 0.000644331595650885
-0.000653006999701089	-0.000290989348635476	  -0.0150993924003298	 -0.00546264752981878
-0.000424689958235429	 1.64986078830329e-06	   0.0218002836279567	 0.000924087742378428
PANDA RIGHT
 -0.00123493053925071	-2.59876619827871e-05	 -0.00356863253882812	 -0.00413740758530298
 5.29154873278504e-05	-0.000326453302945795	 -0.00451274673504733	  0.00285590672054884
0.000153279024680583	-0.00103693088444763	 0.00280434120939394	-0.00383901266296312
-3.80265957728362e-05	  0.00139942994887536	 0.000551242047335659	  0.00297835406948696
-0.000938407289271141	-0.000336055529966733	   0.0138105003611478	-0.000862915431017487
-0.00100009670922434	0.000730448404233078	 -0.0134305403505194	-0.00372753032201136
 -0.00118517364821609	 3.23001002001852e-06	-0.000140357325322005	-0.000259003236897173
PANDA TOP
0.000169299972837582	0.000238141420469727	 0.00108011153220585	-0.00484276668454959
-0.000498903140991257	-0.000139086791977286	 0.000160399094909766	  0.00127073245024413
-0.000135214798700993	-0.000741641881147187	  0.00242390876863216	  -0.0018696146629966
-0.000265006828147743	 0.000802511279895414	 -0.00499537946823513	 1.87556887156185e-05
  0.00026430571485121	-0.000810292171294375	  0.00448849608435876	 -0.00179417677333945
-0.000364478876403415	-0.000148322327042532	-0.000104935882226293	 -0.00384309571278947
-0.000639166314101337	 1.02260004795419e-06	  -0.0204701582782941	  0.00034965730239363


iteration: 7
PANDA LEFT
 0.000769148153452514	 0.000186836871369585	 -0.00325760168710076	-0.000498931981287674
-0.000135523523700397	-0.000259604076422169	 -0.00812303287462366	  0.00486838441376873
-1.67835667863412e-05	 -0.00116981336535672	 0.000412748337608103	 -0.00340390862280001
-0.00026341964595322	 0.00090325102912943	-0.00572749978976658	 0.00194965074871803
-0.000465991098409995	-0.000502215816418702	  0.00965106857204954	  0.00164414162593999
-0.000399182322464213	-0.000374323687394869	  -0.0157474561362158	 -0.00483497191625793
-0.000390811750169527	 2.06199947956699e-06	   0.0236554096874574	  0.00101708226902954
PANDA RIGHT
 -0.00146625261002402	-4.07085524725167e-05	 -0.00363238360872342	 -0.00335598279069091
-1.31669794665773e-05	-0.000247319166519601	  -0.0038403617266961	  0.00254330109821124
-1.85414943601645e-05	-0.000952806891601268	  0.00216021110536467	 -0.00322683228228353
 0.000195710545418959	  0.00118074465348707	-0.000131240508177002	  0.00275478927454263
 -0.00119320548070016	-9.27135828277444e-05	   0.0145386326886228	 -0.00111961921023319
-0.000676839889731228	 0.000450376755064059	  -0.0144966822627834	 -0.00270589519990627
-0.000970361031733538	 3.85940797884114e-06	-0.000899376332008436	 0.000559735001149938
PANDA TOP
 6.60025443652557e-05	-0.000277441212892658	  0.00194014244472309	 -0.00446895289818386
 -0.00045577270492973	-7.77916247492962e-05	-0.000438824512504513	  0.00184120439055928
-0.000133169656557642	-0.000611428332216537	  0.00200165810956704	 -0.00180778761685268
-0.000297727078285127	 0.000747344062315457	 -0.00554923520631824	 0.000191578295276777
 0.000101265148115236	-0.000805341581785514	  0.00448626733377335	 -0.00145821103203366
-0.000449270387786905	-0.000126538034054576	 0.000263937303968634	 -0.00312204138357187
-0.000649098587260503	 1.12604909563272e-06	  -0.0220902987279291	 0.000889023339641047


iteration: 8
PANDA LEFT
  0.00074964654267844	-0.000155567882162863	 -0.00272929784947746	   0.0004672028377543
-0.000138998009077159	-0.000489889532691495	 -0.00776263835791856	  0.00430960123996094
-6.53082206112522e-05	 -0.00110460844108013	 0.000160681364344705	 -0.00379169336483164
-0.000369439223338894	 0.000862253637848475	 -0.00640332934818693	  0.00114148103062201
-0.000360707069415244	-0.000643202574337227	   0.0099954382633383	 0.000787833861524977
-0.000689580937456185	-0.000253381209133845	   -0.014981468976032	 -0.00541660864624297
-0.000427991237310393	 2.25604483438766e-06	   0.0220345765305002	 0.000975926247450068
PANDA RIGHT
-0.00127921933868997	 5.6256842796985e-05	 -0.0037083668577308	 -0.0041431085345713
 3.99422765432324e-05	-0.000318600641918699	 -0.00437497377658557	  0.00262996386551249
0.000102339393061506	-0.00106205918758119	 0.00271731811670169	 -0.0036349031982647
-4.19758290894437e-06	  0.00145987622316192	   0.0005339680277742	  0.00289516761708695
-0.000943586401869494	-0.000255198702963533	   0.0137970862388456	 -0.00109092716809915
-0.000976437380438524	 0.000612516522260515	  -0.0135308830976327	 -0.00370670907879013
 -0.00120344979057928	 4.45786827194029e-06	-0.000374834943764967	-0.000346617251254699
PANDA TOP
0.000118018431925017	9.88337756961237e-05	 0.00113331385944507	-0.00463265674664194
 -0.00040565436025361	-0.000138117512195572	 0.000112306658882366	   0.0013498601509188
-0.000199110081819596	-0.000749179758174465	  0.00231337884646411	 -0.00195787930837061
-0.000250765505645161	 0.000771448752998291	 -0.00509765152142077	 8.44561522231533e-05
 0.000220351477540028	-0.000791690978893752	  0.00427143447663223	 -0.00177164305009082
-0.000348046587280407	-0.000192195253924733	-8.19681795046418e-05	 -0.00380089206832343
-0.000629870396514788	 1.33168105478255e-06	  -0.0203471217300449	 0.000518430108319442


iteration: 9
PANDA LEFT
 0.000707670281346366	 0.000236387228498912	 -0.00335369958529401	-0.000568924945202293
-0.000100182791097498	-0.000234860405206242	 -0.00815551622590261	  0.00480837732330602
-6.0224397322734e-05	-0.00115637397219222	0.000297032120837926	 -0.0033914809596436
-0.000180704552352174	 0.000836632841591358	 -0.00566149204919934	  0.00190266309283985
-0.000494877279026884	-0.000485859796898465	  0.00946557470059082	  0.00148056571874108
-0.000359669286842407	-0.000348282231703122	   -0.015784315501499	 -0.00489542534216719
-0.000416623162113012	   2.667562367536e-06	   0.0238456405896368	  0.00107894882308627
PANDA RIGHT
 -0.00143346052505955	-9.99160347299201e-05	 -0.00364889948071998	 -0.00336155635820688
 3.81841511438426e-05	-0.000252923484300808	 -0.00373381579384634	  0.00291373211285289
  -8.692002363318e-05	-0.000913859763106409	   0.0019078293839705	 -0.00352316097691308
 0.000215800495007431	   0.0010812601842723	-0.000176672495561997	  0.00275288000901286
 -0.00126988851538541	-7.60640358933552e-05	   0.0143512081152183	 -0.00110502176800287
-0.000642059155660552	 0.000391078743013897	  -0.0144443336125416	 -0.00259193678555353
 -0.00102338729491139	 5.09762235067406e-06	-0.000697289211406624	 0.000671837648639633
PANDA TOP
 3.27164248803037e-05	-0.000230462547633081	  0.00183064305740486	 -0.00438978649310653
-0.000404180140353816	-8.52423880739562e-05	-0.000413632935091242	  0.00178356523194677
-0.000214721309921516	 -0.00061958389275006	  0.00205321188431814	 -0.00184761271752516
-0.000322916403630662	  0.00080008095528211	 -0.00554272517616478	 0.000247163487727725
 9.88243276975472e-05	-0.000761861714900233	  0.00448241579290898	 -0.00161281649114505
-0.000416458185719028	-0.000151831472543839	 0.000337084816512872	 -0.00320472882832199
-0.000610549800308327	 1.42639171253382e-06	  -0.0219634435478042	 0.000686173474453345


iteration: 10
PANDA LEFT
 0.000693739699661346	-0.000182973321675398	 -0.00267817204418935	 0.000554786158444035
-0.000121461166886485	-0.000502361577567922	 -0.00776367588526526	  0.00432916770062854
-6.53138120436972e-05	 -0.00106132070430469	 0.000237300909822843	 -0.00385825337102896
-0.000364589735678038	 0.000807759578401459	 -0.00653824783920341	  0.00108076360875144
 -0.00035089982867462	-0.000622639284939047	   0.0100399969167742	 0.000883730959462744
-0.000722082808428479	-0.000254459591667806	  -0.0149139686663829	 -0.00538336311261738
-0.00043399974528568	2.85321614702875e-06	  0.0222233311494309	0.000989168659529851
PANDA RIGHT
-0.00130996914542975	  0.0001143613759769	-0.00368305417546559	-0.00409531758934163
 5.69800355079983e-05	-0.000291866710120491	 -0.00436562368186639	  0.00238000305692617
0.000105271958384438	-0.00107004057204574	  0.0027003804713876	-0.00338348283668829
1.08700350825641e-05	 0.00148732109597786	0.000470000143135739	 0.00283790630518655
-0.000930997501389395	-0.000199193068015034	   0.0138302878239788	 -0.00116188766581911
-0.000974404236173782	  0.00052989052506984	  -0.0135167866110343	 -0.00366782681917148
 -0.00121402891474652	 5.69176851832708e-06	-0.000490977026135158	-0.000371151860282505
PANDA TOP
6.62849022384781e-05	1.70562061123581e-05	 0.00115332319560188	-0.00436716026126462
-0.000355274785560587	-0.000137951927860967	 0.000193291677811431	  0.00136289129234808
 -0.00024512595267892	-0.000751719439272898	   0.0022706183886874	 -0.00203894378618322
-0.000234297549430724	 0.000759405709813022	 -0.00519676858905503	 0.000132558898089509
 0.000161688888270069	-0.000766343004585607	  0.00410103853305915	 -0.00176747471787256
-0.000326374773777153	-0.000247721909010939	 -4.4027781763637e-05	 -0.00367576665190388
-0.000605186338973879	 1.65235006711425e-06	  -0.0203301959051338	 0.000610908569563163


iteration: 11
PANDA LEFT
 0.000642649655092769	 0.000288217086436766	   -0.003376996216716	-0.000637222277915811
-8.14181378404372e-05	-0.000209839863891826	 -0.00818840009603032	  0.00477889233925282
-9.70373138098484e-05	 -0.00115201694487263	 0.000223603811580517	 -0.00333972796852977
-0.00011305302177039	0.000791930587924121	-0.00560961597820613	 0.00187278671994715
-0.000563877530988427	-0.000467774825717284	  0.00930023637962324	  0.00139871393602635
-0.000309563591686387	-0.000335315319864256	  -0.0157563495627018	 -0.00490820526670015
-0.000452465893167626	 3.26084161088768e-06	   0.0239244580638506	  0.00113681540116729
PANDA RIGHT
 -0.00139215086582619	-0.000154812738316904	  -0.0035722354268434	 -0.00331885555669346
 8.75496077307265e-05	-0.000262087949232014	 -0.00363253659078732	   0.0032228372038452
-0.000167344076737357	-0.000861663638609613	  0.00167031161686805	 -0.00377602155431637
 0.000235809831589034	 0.000969581149889483	-0.000217177543189563	  0.00281515185092603
 -0.00132339338941434	-7.34582670707269e-05	   0.0140997476051179	 -0.00105207516700718
-0.000598294907760382	 0.000351465438374808	  -0.0143934269894823	 -0.00246446005467701
 -0.00105714453601189	 6.34488347675422e-06	-0.000537107337853895	 0.000683536658107474
PANDA TOP
 -1.5579843994662e-07	-0.000195728303334877	  0.00167734163029823	  -0.0043357532484435
-0.000375703723662874	-0.000103012867480567	-0.000424878735801364	  0.00177180711464334
-0.000263997798895738	-0.000632293106944746	  0.00211877816683201	 -0.00196314760026113
-0.000350150415395855	 0.000857166791709643	 -0.00552915953378105	 0.000300453839650959
 0.000103281931590055	-0.000718082449419789	  0.00443824233216746	 -0.00174054812009071
-0.000382774679889875	 -0.00016081838917904	 0.000341100887255638	 -0.00328040036535044
-0.000566732253361702	 1.74325586313924e-06	  -0.0218272006391507	 0.000605668677449708


iteration: 12
PANDA LEFT
 0.000639273451415595	-0.000221342530735986	 -0.00265003014768946	  0.00060356570062093
-0.000107372560605038	-0.000509709115346165	 -0.00778292911350592	  0.00431444025254677
-6.57088704928889e-05	 -0.00102497938341252	 0.000293009751766463	 -0.00387571918379238
-0.000364146214231834	 0.000781105033827722	 -0.00649747145469854	  0.00103383994883202
-0.000301194237660244	-0.000586027625605181	   0.0100533469420037	 0.000925507647058027
-0.000749528419171519	-0.000268635203141397	   -0.014958792386444	  -0.0053120116569647
-0.000437362064395173	  3.4373363316763e-06	   0.0223633193274334	 0.000995373175620003
PANDA RIGHT
-0.00133332899219895	0.000155348998402308	-0.00359291024393447	-0.00403837338636378
 8.87128227576082e-05	-0.000258681757795422	 -0.00440134051768085	    0.002185472586265
0.000108240065660468	-0.00108328893369483	 0.00272804004084986	-0.00315654204872563
1.03399627250893e-05	 0.00147987725744742	0.000360709786434259	 0.00279691800828506
-0.000934332835623535	-0.000158775817079998	   0.0138283461294437	  -0.0010902577778772
-0.000973865773440397	 0.000482668256962414	  -0.0134595030655139	 -0.00360581080919629
 -0.00121223930020304	 6.93168996443879e-06	-0.000588482471184391	 -0.00031728376544899
PANDA TOP
  1.8212178659685e-05	-3.78376224278223e-06	   0.0011389025033248	 -0.00417059277391143
-0.000336805952255002	-0.000135827115000828	 0.000328812885946699	  0.00138115822203332
-0.000276173621391624	-0.000747721363697463	  0.00227432985556289	 -0.00211591648913908
-0.000225033327957869	 0.000760059675132622	 -0.00522487016835003	 0.000187578491189651
 0.000137884687863975	-0.000744561922368109	  0.00403308416414814	 -0.00174722101077199
-0.000319148194425571	-0.000285592890860553	-1.26653235098204e-05	 -0.00359833575073747
-0.000575490473835051	 1.98899538551989e-06	  -0.0203168276698815	 0.000661523959280598


iteration: 13
PANDA LEFT
 0.000595935181338224	 0.000310964386615153	 -0.00334636685710876	-0.000673690512243274
-7.6301814044141e-05	-0.00019547529857331	-0.00820123399010152	 0.00474989849518779
-0.00011623642108129	-0.00114466829941082	0.000198382078915795	-0.00324890273400864
-9.1271491847388e-05	0.000762802514793907	 -0.0055777812555729	 0.00189707840635026
-0.000631999971867207	-0.000437355292132179	  0.00914828486896541	  0.00142072195156354
-0.000274255636854503	-0.000329800339863703	  -0.0157305774192445	 -0.00492975561481693
-0.000481766921916217	 3.84508009401723e-06	    0.023957228705176	  0.00117647499618333
PANDA RIGHT
  -0.0014001093751118	-0.000173264079481268	 -0.00355005879805311	  -0.0032975867173984
0.000106638171203192	-0.00027006753650464	-0.00356046484087473	 0.00334959647506168
-0.000212741427354127	-0.000831483751417154	   0.0015947158667283	 -0.00389419183357147
 0.000247252757154237	 0.000924533157529086	-0.000272951186834423	  0.00283689910371852
 -0.00137838861584504	-6.48304654349421e-05	   0.0139377092763063	-0.000998326691119575
-0.000580333655791921	 0.000326749774186458	  -0.0143479789649762	 -0.00237953794751944
-0.00106237828219013	7.59241664098928e-06	-0.00043313906801038	0.000708225783635575
PANDA TOP
-3.71100620935342e-05	-0.000192983773131132	  0.00158099726584168	 -0.00434979520900187
-0.000356563411457745	 -0.00012322094464608	-0.000471103420713812	  0.00171844335254286
-0.000283346573328739	-0.000642199668879136	  0.00218654857927729	 -0.00200232422629576
-0.000367262161922011	 0.000897003102453651	 -0.00548978342495367	 0.000294017769412086
 0.000113427464018747	-0.000681762807338988	  0.00442123104946448	 -0.00178396772297158
-0.000355462834293597	-0.000156836073250637	 0.000300055886903911	 -0.00335684566660683
-0.000533302205861813	 2.08518469738525e-06	  -0.0217181267248009	 0.000612416917688214


iteration: 14
PANDA LEFT
 0.00060178651256035	-0.00024702225074541	-0.00266804874564949	0.000628068051665889
-9.08965894477366e-05	-0.000511429326617174	 -0.00780353411671464	  0.00428970542402488
-7.53473574166271e-05	-0.000992865898175467	 0.000364039943638441	 -0.00386637251394531
-0.00036350683200024	0.000773979397466872	 -0.0064108197975036	 0.00099436833043675
-0.000249833816491259	-0.000548974185045665	   0.0100424928023548	 0.000939347190088018
-0.000766565369253121	-0.000276452080857676	  -0.0150305840458634	 -0.00525785187441049
-0.000447452796667782	 4.01534824987619e-06	   0.0224765458532276	  0.00102030311616972
PANDA RIGHT
-0.00135152802868013	0.000172213134628885	-0.00351885823755061	-0.00400491772829526
0.000115553755813107	-0.00023394535109993	-0.00443945953536228	 0.00209926212042249
0.000108368416671633	-0.00108883043524684	 0.00274123830465838	-0.00303704983490861
1.27086491150358e-06	 0.00146502173849447	0.000290351762072246	 0.00280731954370238
-0.000936447400651938	-0.000137904823752986	   0.0137913195946022	 -0.00101002350884406
-0.000980177209695584	 0.000470488061305174	  -0.0134102283341203	 -0.00356832803207339
 -0.00121178683770117	 8.17443414578763e-06	 -0.00064601031671206	-0.000242336524787061
PANDA TOP
-1.56268099352958e-05	 5.49745607732595e-06	  0.00111850042515171	 -0.00408295413930622
-0.000331119914915313	-0.000128465765387104	 0.000439604932112122	  0.00139331718540259
-0.000298514574984886	-0.000741449788039385	  0.00231511234927582	 -0.00214837230285765
-0.000220075938856121	 0.000758525161843695	 -0.00521390651099801	 0.000229125154099957
 0.000134593537087839	-0.000728654679501162	  0.00407014286414152	 -0.00167995668233331
-0.000322492909058614	-0.000305331181407624	  6.8129131236826e-07	 -0.00360582648519413
-0.000550273745130452	 2.34610583059938e-06	  -0.0202886673096374	 0.000631721974053946


iteration: 15
PANDA LEFT
 0.000569889181208243	  0.00031347507536096	 -0.00332199251113498	-0.000679831683947478
-7.18611606826626e-05	-0.000192671068179789	 -0.00819954541011874	  0.00470018690016252
-0.000129471887825932	 -0.00113268101080425	 0.000188272898898539	 -0.00316804658441686
-9.1314615478304e-05	 0.00074081642565301	-0.00556311879640613	 0.00193697046725452
 -0.00067400088673955	-0.000406761300396892	  0.00902845291045405	  0.00145287676922337
-0.000256181228218771	-0.000323432273102211	  -0.0157198342954261	 -0.00496939301048858
-0.000504663971375442	 4.42450589218211e-06	   0.0240012587726673	   0.0012040232182318
PANDA RIGHT
 -0.00142681444650576	-0.000175008205649544	  -0.0035698423413673	 -0.00329234507555964
 0.000107820418757383	-0.000272307604280403	 -0.00351812150126681	  0.00339123749905411
-0.000230224751656889	-0.000818135151534723	  0.00159176046957003	 -0.00393189476891187
 0.000250617948125253	  0.00092243081616079	-0.000315711554900164	  0.00282096079643794
 -0.00141402356582189	-5.47988282975018e-05	   0.0138501503981145	-0.000976368093213902
-0.000578320341616243	 0.000312820962709668	  -0.0143255175546183	 -0.00233043565371253
 -0.00105553192891895	 8.83607317839865e-06	-0.000366573052676249	 0.000743798903801673
PANDA TOP
-6.56004999772088e-05	-0.000194315929879108	   0.0015318359442335	 -0.00438943246411587
-0.000343312890298965	-0.000137844254455315	-0.000514787070560699	   0.0016702990118193
-0.000287752433442319	-0.000646527757093787	  0.00223099221224365	 -0.00200756383914451
-0.000376035810859909	 0.000920138834543714	 -0.00547169163820862	 0.000266986178796243
0.000117113161593943	 -0.0006583598680354	 0.00443928890821534	-0.00179336682702069
-0.000336754680417549	-0.000149825964807832	 0.000267731650611034	 -0.00342424367537428
-0.000511845275080927	 2.45091763477891e-06	   -0.021633726164036	  0.00062428755003351


iteration: 16
PANDA LEFT
 0.000580667869053331	-0.000256196910072114	 -0.00269852903323245	 0.000651912464099126
-7.69406982760616e-05	-0.000511793061464078	 -0.00783003760892229	  0.00426776165847386
-8.42583413992155e-05	-0.000970525114072863	 0.000420328966848453	  -0.0038506627188714
-0.000363494195085338	  0.00076535927032598	 -0.00635720544452265	 0.000973984927992448
-0.000220329246761389	-0.000519818064500033	   0.0100227650673821	 0.000942688346163565
-0.000775633740728972	-0.000277247432026116	  -0.0150759470054757	 -0.00522808011084409
-0.000463092776842514	 4.59271953902936e-06	   0.0225680890853098	  0.00103495465805472
PANDA RIGHT
 -0.0013648341381879	0.000172442192516626	-0.00348306323721349	 -0.0039895652276551
 0.000129363049018993	-0.000222896804080287	  -0.0044588718890839	  0.00207502666150287
0.000108337275618055	 -0.0010882471192008	 0.00273217078081073	-0.00299970462323121
-9.05535357346185e-06	  0.00145663690749604	 0.000269069606748151	  0.00283033961747349
-0.000937509529523736	-0.000128375265097506	   0.0137720761882539	 -0.00097929101456466
-0.000989871148644968	 0.000470822640236835	  -0.0133859138878798	 -0.00354390107015403
 -0.00121187458662551	 9.41710181744244e-06	-0.000657680703591057	-0.000191343601291238
PANDA TOP
-3.57706659150282e-05	 2.08070544971716e-05	  0.00110396314528905	 -0.00405619956305281
-0.000328886666921394	-0.000122062176067472	  0.00050327865315738	  0.00139624194169899
-0.000310567063521814	-0.000739566786481389	  0.00234591299334534	 -0.00215798825754035
-0.000216600378046239	 0.000754364216178659	 -0.00520810232630581	  0.00025206303611671
 0.000130933593899947	-0.000718630309346908	  0.00412919699343622	 -0.00162382489390519
-0.000323778807793688	-0.000315855405700651	 1.40526510598872e-05	 -0.00363031760618815
-0.000534482094124788	 2.72232686154748e-06	  -0.0202475604065185	 0.000579029514805035


iteration: 17
PANDA LEFT
 0.000556235627244877	 0.000310908531485886	 -0.00331697589934885	-0.000675727227491163
-6.71382478192767e-05	-0.000194217423249473	 -0.00819373185840088	  0.00465694192909846
-0.000140992937584944	 -0.00112280160352711	 0.000183869131114784	 -0.00312068571689614
-9.23820875545152e-05	 0.000723632297362628	 -0.00555789550056817	   0.0019659766802501
-0.000695513676208308	-0.000382941376038784	  0.00895882787420921	   0.0014675081207191
-0.000249710707992762	-0.000315974759607395	  -0.0157171985998045	 -0.00500463487861725
-0.000523525541339322	 5.00136960828885e-06	   0.0240515467253786	  0.00121937251327282
PANDA RIGHT
 -0.00144951368369956	-0.000177494097362484	 -0.00359143163150026	 -0.00328714133032014
0.000106602692394179	 -0.0002721061467198	-0.00349347367452313	 0.00341209207457969
-0.000237382010415094	-0.000812075487348969	  0.00160054541053204	 -0.00394886951743521
 0.000250281284506169	 0.000929744106960493	-0.000332370562542225	  0.00280000842349961
 -0.00143160499755361	 -4.7797205034644e-05	   0.0137991333835679	-0.000974094099573458
-0.000579172528714119	 0.000307852735620998	  -0.0143200562372028	 -0.00230415411062038
 -0.00104810270232549	 1.00772188736125e-05	-0.000310004677590699	 0.000773214246338626
PANDA TOP
 -8.3615048677808e-05	-0.000186143004209549	  0.00149866072101039	 -0.00443073597876542
-0.000335583313063276	-0.000146550036724013	-0.000538238038234028	  0.00164625876467784
-0.000287922895936446	-0.000648620583263134	  0.00225681769284086	 -0.00201270706896186
-0.000380330111732002	 0.000934597292566882	 -0.00546861765275044	 0.000248619527549853
 0.000117013078132526	-0.000646131534122518	  0.00446139433816247	 -0.00180089489318286
-0.000325099009045113	-0.000144129031116917	 0.000255027468812997	 -0.00347515999364346
-0.000499496126851312	 2.83379669624362e-06	  -0.0215613093210402	 0.000627412243398474


iteration: 18
PANDA LEFT
 0.000568708681701248	-0.000257731287789198	 -0.00272549309291185	 0.000673830364898083
-6.73967742961652e-05	-0.000511611425206355	 -0.00785220072655432	  0.00425471489972822
-9.04023003880416e-05	-0.000956108807579716	  0.00045713205259672	  -0.0038405063893839
-0.000362043106370804	 0.000755245879989243	 -0.00633187632867742	 0.000966187771816719
-0.000205059643561903	-0.000498606817534094	   0.0100093718563191	 0.000944356616391818
 -0.00078106641656148	-0.000275623100438821	  -0.0151013598416576	 -0.00520893356403621
-0.00047818128782448	5.16925893972074e-06	   0.022642660159626	 0.00103976228944535
PANDA RIGHT
 -0.0013750828822088	0.000167349531440909	-0.00347091020079543	-0.00397819002969939
  0.00013529128836625	-0.000218245027230926	 -0.00446658319036094	  0.00206803841759964
0.000109062087607476	-0.00108585181039973	 0.00272039115158213	-0.00298973741724738
-1.66679558981911e-05	  0.00145193583111033	  0.00026340640969598	  0.00284882673515932
-0.000938977534998914	-0.000123041925076979	    0.013764533056961	-0.000971937681336575
-0.000997223284362727	 0.000472174899004957	  -0.0133735507465472	 -0.00352423808258444
 -0.00121110766284434	  1.0658670434689e-05	-0.000643107854592107	-0.000159823678353354
PANDA TOP
-4.81371760770901e-05	 3.31999038833083e-05	  0.00109329356949266	 -0.00405577032389359
-0.000327489355659715	-0.000118216159856702	 0.000536923607679111	  0.00139860507560929
-0.000316276605347715	 -0.00073947407168904	  0.00235763415935689	 -0.00216473611501082
-0.000213083414921131	 0.000749755558427886	 -0.00520583820048348	 0.000265077271799266
 0.000128144147990431	-0.000713722314441089	  0.00417654827423763	 -0.00159112679402061
-0.000323619088124857	-0.000321814052961653	 2.31346948888195e-05	  -0.0036492646036706
-0.000525379780660024	 3.11222731180932e-06	  -0.0201972502671421	 0.000536512356859037


iteration: 19
PANDA LEFT
 0.000548162120427434	 0.000309076086196319	 -0.00331928882552574	-0.000666138710883824
-6.34401736310644e-05	-0.000196028484514745	 -0.00818855693463189	  0.00462834650229308
-0.000149493114351511	 -0.00111574566247614	 0.000181706786573789	 -0.00309521849077017
-9.17685820062201e-05	  0.00071027686611736	  -0.0055555977959756	  0.00198350528609903
-0.000706066180906525	-0.000365859368851459	  0.00892049074148003	  0.00147424871365376
-0.000248550072693403	-0.000309496486917762	  -0.0157158988939654	 -0.00503158055215917
-0.000538530002887654	 5.57666140898795e-06	   0.0241049665786972	  0.00122680270338141
PANDA RIGHT
 -0.00146612102514447	-0.000181569553477732	 -0.00360750759253178	 -0.00327788850993254
 0.000105299459107216	-0.000271345376963891	  -0.0034790196989267	  0.00342347955631023
-0.000239992147900294	-0.000808949228037963	  0.00160888067744213	 -0.00395771490333799
 0.000249168804489357	 0.000936214906291749	-0.000337912106187981	  0.00278463916575317
 -0.00144060355859209	-4.28752086130989e-05	    0.013769034646149	-0.000976850228043087
-0.000579510284173276	 0.000306242215701701	   -0.014319183733704	 -0.00229035581023447
 -0.00104247698523045	 1.13169884896909e-05	-0.000254418024911341	 0.000791577331821734
PANDA TOP
 -9.5393455618846e-05	-0.000176175929522715	  0.00147437470169865	  -0.0044652174555217
-0.000330910588975971	-0.000150872769487408	-0.000548441892667968	   0.0016360828612746
-0.000287722781102262	-0.000649623056051076	  0.00227057051544913	 -0.00201784675099128
-0.000381823650954255	 0.000942834037296285	 -0.00546671639639415	 0.000241158905915511
 0.000116424173557819	-0.000640012961117286	   0.0044755039179153	 -0.00180859775778069
-0.000318064009449097	 -0.00014115288298405	 0.000248828286727318	 -0.00350791541083525
-0.000491603928864088	 3.22808944544078e-06	  -0.0214970339739324	 0.000626410661098439


iteration: 20
PANDA LEFT
 0.000561054671480425	-0.000255923212368084	 -0.00274434067508358	  0.00069409337974077
  -6.131393127038e-05	-0.000511235382714846	 -0.00786738524470519	  0.00424825440378289
-9.42955440301916e-05	-0.000946751277561402	 0.000479654474460371	 -0.00383480614196104
-0.000359948497910582	 0.000746110193336849	 -0.00632088971122232	 0.000963442372199159
-0.000197514622353392	-0.000483317584552445	   0.0100010572388594	 0.000947046658774177
 -0.00078442619947851	-0.000273585458266636	   -0.015115092348415	  -0.0051962612390676
-0.000490605379968575	  5.7446748198926e-06	   0.0227082112352215	  0.00104134199631638
PANDA RIGHT
-0.00138318516076111	0.000161312451555406	-0.00346833592709862	-0.00396534659195979
  0.00013755062277162	-0.000215960832652785	 -0.00446978146472793	  0.00206536385818783
0.000110088018940603	-0.00108313768292734	 0.00271129135476767	-0.00298713678622842
-2.13419028092338e-05	  0.00144889955560667	 0.000261914588011847	  0.00286178094290641
-0.000940114874408155	 -0.00011931548093545	   0.0137612364206575	-0.000971168991191632
-0.00100144460888511	0.000472684866603034	  -0.013367519620129	-0.00351021459208265
 -0.00120991816037547	 1.18990037563073e-05	-0.000613688606416447	-0.000141445231412168
PANDA TOP
-5.65966304941024e-05	 4.12108622807066e-05	  0.00108474073143935	 -0.00406473912942475
-0.000326033342232009	-0.000115981653223459	 0.000553872794238451	  0.00140008877442713
-0.000319410570591465	-0.000739409390892122	  0.00236164677888955	 -0.00217018307376568
-0.000210237909835553	 0.000746005185913345	 -0.00520530115347481	 0.000273992416536243
 0.000126003874835796	-0.000711286123815949	  0.00420619241408229	 -0.00157338733926959
-0.000322811455249117	 -0.00032563117948193	 2.81479909721466e-05	 -0.00366003424578939
-0.000519180553093967	 3.51105508284791e-06	  -0.0201436170868766	 0.000508619364364231


iteration: 21
PANDA LEFT
 0.000542513280818554	 0.000309030678018617	 -0.00332263489613267	-0.000652736523222611
-6.08771959654966e-05	-0.000197329608492503	 -0.00818475568906944	  0.00461084466630998
-0.000155199034210762	 -0.00111089278089429	 0.000180390593795714	 -0.00308130273761356
-9.04787287374869e-05	 0.000700385404413013	 -0.00555397843411854	  0.00199365935242672
-0.000711345576196926	-0.000353651100123541	  0.00889885681579799	  0.00147781417376769
-0.000249345387615751	 -0.00030454696144993	  -0.0157145683083011	 -0.00505080840573526
-0.000550008489441144	 6.15094790366015e-06	   0.0241599207487496	  0.00122992493557185
PANDA RIGHT
 -0.00147789530751103	-0.000186605267441024	 -0.00361851909865754	 -0.00326550072446075
 0.000104295060737679	-0.000270588574848918	 -0.00347076596763937	  0.00343001653622376
-0.000240761492802345	-0.000807023825467197	  0.00161525623718846	 -0.00396259179965792
0.000248090880903098	0.000940815037769064	-0.00033976947251265	 0.00277498990540523
 -0.00144538743196869	-3.94512921037676e-05	   0.0137508531124611	 -0.00097983761047068
-0.000579538242377854	 0.000305764393189501	    -0.01431896688994	 -0.00228254545607938
 -0.00103860358297849	 1.25558437267702e-05	-0.000198540672646054	 0.000802362548460469
PANDA TOP
-0.000103687747610473	-0.000167350070767345	  0.00145676341448969	 -0.00449357629610175
-0.000327816410504974	-0.000152806412041252	-0.000551906224318745	  0.00163147576210787
-0.000288048992751525	-0.000649902399039727	  0.00227895727613393	 -0.00202163222548428
-0.000382084077015928	  0.00094762321940729	 -0.00546404248233707	 0.000239268642046265
 0.000115938129943288	-0.000636770939998481	  0.00448268714376078	 -0.00181456832665175
-0.000313695647914881	-0.000139992229361736	 0.000244944666857159	  -0.0035276204919173
-0.000485643696128811	 3.62978690108351e-06	  -0.0214374550645912	 0.000624681674580488


iteration: 22
PANDA LEFT
 0.000555582481863278	-0.000252669294326865	 -0.00275650726558505	 0.000713531137112183
-5.74656317593001e-05	-0.000510861219933398	 -0.00787723433165598	  0.00424526095802248
-9.67580850902887e-05	-0.000940606225853491	 0.000493288798792941	 -0.00383157605744037
-0.000357959320094311	 0.000738878650908381	  -0.0063159932578441	 0.000962619076687667
-0.000193795842814977	-0.000472149861274762	  0.00999564870675443	 0.000950068457777655
-0.000786520345050015	-0.000271813586438575	  -0.0151227371081571	 -0.00518769946127562
-0.000500176570583859	 6.31916914164246e-06	   0.0227691949751184	  0.00104196485801217
PANDA RIGHT
 -0.0013895307427926	0.000155227993899709	-0.00346887027009592	-0.00395060794959574
 0.000138295170668853	-0.000214732094097927	 -0.00447113996318889	  0.00206379915647898
0.000110948242787774	-0.00108057446466077	 0.00270473564724395	-0.00298644988869663
-2.40780096730777e-05	  0.00144690512737888	 0.000261404536053224	  0.00287054157866324
-0.000940847748561223	-0.000116560848633871	   0.0137595497176953	-0.000972119161880184
-0.00100382402016141	0.000472693906454878	 -0.0133645215638451	-0.00350058192792001
 -0.00120876559014574	 1.31382792571388e-05	-0.000575524180193574	-0.000130736630684276
PANDA TOP
-6.28390385151963e-05	 4.65739102290112e-05	  0.00107836747701235	 -0.00407740802906317
-0.000324508299179971	-0.000114621696882515	 0.000562491982296853	  0.00140027150117712
-0.000321528651147463	-0.000739172190920091	  0.00236296682330398	 -0.00217359769418375
-0.000208097493012296	 0.000743374978601274	 -0.00520510496392458	 0.000279852916048634
 0.000124338042028539	-0.000709993641082886	  0.00422367482679408	 -0.00156363989300606
-0.000321823618016637	-0.000328341202295933	  3.0414522183923e-05	 -0.00366562978398745
-0.00051434697382349	 3.9156510135227e-06	 -0.0200888940969482	0.000491660841529534


iteration: 23
PANDA LEFT
  0.00053820355783792	 0.000310428176695666	 -0.00332532450308616	-0.000637079919406665
-5.91416078289751e-05	 -0.00019818118043367	 -0.00818207713139609	  0.00460001756695943
-0.000158976373101403	 -0.00110757049394496	 0.000179388165425941	 -0.00307323954485986
-8.91788313274698e-05	 0.000693306824825876	 -0.00555266903159443	  0.00199971262027485
-0.000714238118143893	-0.000344769808201961	  0.00888609156123733	  0.00147985266288263
-0.000250598383279432	-0.000300955402864694	  -0.0157133458415352	 -0.00506420731629356
-0.000558556147627917	 6.72461861489383e-06	   0.0242154398801568	  0.00123092249029229
PANDA RIGHT
  -0.0014862777335675	-0.000192190648279111	 -0.00362599154280548	 -0.00325109758530192
 0.000103623647417492	-0.000269953251157017	 -0.00346594743154139	  0.00343408151782615
-0.000240903521742787	-0.000805667806179196	  0.00161983662536464	 -0.00396548931639363
 0.000247214729217755	 0.000943953784606812	-0.000340384194542798	  0.00276897287973234
 -0.00144803625734504	-3.70815014565641e-05	   0.0137397066624204	-0.000982013590464151
-0.000579550407869104	 0.000305691768949447	  -0.0143187116031732	 -0.00227788714049139
 -0.00103598361020415	 1.37939813871306e-05	-0.000142621804104049	 0.000808703953310667
PANDA TOP
-0.000109801829074061	-0.000159868326042251	  0.00144440935568525	 -0.00451812377489509
-0.000325606007049328	-0.000153627740242795	-0.000552490507410407	  0.00162883275095533
-0.000288757265632633	-0.000649786704085443	  0.00228455554375254	 -0.00202379770088362
-0.000381816246921097	 0.000950656835243911	 -0.00546108583284219	  0.00023928994575941
  0.00011559945571826	-0.000634989142121176	  0.00448610205566038	 -0.00181873595962864
-0.000310853289410884	-0.000139749891601747	  0.00024222396342121	 -0.00353942587797515
-0.000480874555105913	 4.03626747085293e-06	  -0.0213802461803719	 0.000623505325323724


iteration: 24
PANDA LEFT
 0.000551459272330936	-0.000248763336010278	 -0.00276425065479783	 0.000732576476452006
-5.49671019694768e-05	-0.000510540137434083	 -0.00788355694408654	   0.0042438815323957
-9.83929426108793e-05	-0.000936498814829199	 0.000501670823410101	 -0.00382965504699256
-0.00035632343790845	0.000733496428127971	-0.00631365988121385	0.000962541544648602
-0.000191953272010833	-0.000463901610546874	  0.00999200433670904	 0.000952767847864465
-0.000787822703977433	-0.000270435326375987	  -0.0151272408424715	 -0.00518184119002281
-0.000507308644304614	 6.89303231238891e-06	    0.022827753982864	  0.00104227163404042
PANDA RIGHT
-0.00139439196183306	0.000149118647978186	-0.00347018993806917	-0.00393452258434307
  0.00013849241961521	-0.000214026284015969	 -0.00447170384226417	  0.00206275877160264
0.000111533096404759	-0.00107837189657108	 0.00270003551558044	-0.00298633238786219
-2.56908517850448e-05	  0.00144560344131258	 0.000261143850837984	  0.00287645403198275
-0.000941270173680837	-0.000114545456862543	   0.0137585172096279	-0.000973372770951197
-0.00100524399437138	0.000472537540191111	 -0.0133629802916914	-0.00349409082861151
 -0.00120779942658627	 1.43766863451123e-05	-0.000531850895019616	-0.000124307059216466
PANDA TOP
-6.75696312502285e-05	 5.07755841635756e-05	  0.00107391676433446	 -0.00409199666035666
-0.000323084072118638	-0.000113752661665985	 0.000567042907261535	  0.00139968259430328
-0.000323126853193134	-0.000738821446570264	  0.00236334555329121	 -0.00217541845866887
-0.000206471504614319	 0.000741625035909571	 -0.00520489078368916	 0.000283572363745999
 0.000123092134696916	-0.000709331605043271	  0.00423412638406863	 -0.00155787686432345
 -0.00032088490004518	-0.000330356939613154	 3.11596223226285e-05	 -0.00366866870363852
-0.000510445629687016	 4.32400649530407e-06	  -0.0200338444913378	 0.000481346998157032


iteration: 25
PANDA LEFT
 0.000534849855830117	 0.000312842957446023	 -0.00332723725846266	-0.000620170301601371
-5.79289313196957e-05	-0.000198724037332554	 -0.00818019710854456	  0.00459316136283877
-0.000161523386285247	 -0.00110528470013851	 0.000178594940766883	 -0.00306831595307792
-8.80900392667159e-05	 0.000688310587915735	 -0.00555161548792841	  0.00200347914204356
-0.000715968134677865	-0.000338235375598091	  0.00887821878228797	  0.00148110912575231
-0.000251770643630184	 -0.00029839825103682	  -0.0157123807399906	 -0.00507348803251194
-0.000564820063688964	 7.29793996071277e-06	   0.0242710460438811	  0.00123100818401115
PANDA RIGHT
 -0.00149227800952781	-0.000198111912605079	 -0.00363111240476639	 -0.00323536692396633
 0.000103208874567854	-0.000269460803387418	 -0.00346302070449072	  0.00343671455525778
-0.000240870281304756	-0.000804645915255369	  0.00162306998334497	 -0.00396731113343177
 0.000246554246930247	 0.000946106160682141	-0.000340527288785376	  0.00276515385975805
 -0.00144952500086731	-3.54466346387857e-05	   0.0137327717403282	-0.000983488550374788
-0.000579597512328696	 0.000305752263501476	   -0.014318462699364	 -0.00227500884000902
 -0.00103418250263287	 1.50315259428368e-05	-8.68471259101693e-05	 0.000812470110548765
PANDA TOP
-0.000114373365403434	-0.000153450995679358	  0.00143593565049289	 -0.00454039222385165
 -0.00032397304837716	-0.000153950182894212	 -0.00055203688024219	  0.00162696707037944
-0.000289590063385781	-0.000649490725803134	   0.0022884213434004	 -0.00202477579854495
-0.000381347191424292	 0.000952703317470425	 -0.00545833690537626	  0.00023978722510758
 0.000115363168948565	-0.000634029106843515	  0.00448768681211703	 -0.00182151285253062
-0.000308926400444956	-0.000139916078728116	 0.000240234551876868	 -0.00354667081614439
-0.000477043521708916	 4.44588684661712e-06	  -0.0213241708111072	 0.000622890680696986


iteration: 26
PANDA LEFT
 0.000548304635501232	-0.000244556739419694	 -0.00276922724633926	 0.000751420241403483
-5.32801719340052e-05	-0.000510282530488903	 -0.00788765782575669	  0.00424323496174414
-9.95424751517146e-05	-0.000933701073251158	 0.000506928994101873	 -0.00382845974697302
-0.000355066532521669	  0.00072958861092348	  -0.0063124689374806	 0.000962710346311809
-0.000191047716044591	-0.000457783299091621	  0.00998952467099711	 0.000954922489640447
-0.000788635773133442	-0.000269406865626448	  -0.0151300249102621	 -0.00517780580992758
-0.000512531716077862	 7.46650803958511e-06	   0.0228849483493558	  0.00104242949323056
PANDA RIGHT
-0.00139805009184532	0.000142930411301182	-0.00347151792858084	-0.00391756283935779
 0.000138512514957274	-0.000213595193374299	 -0.00447192786943122	  0.00206208018959445
0.000111894386112429	-0.00107658605595422	 0.00269666463882652	-0.00298640407706495
-2.66596920579037e-05	  0.00144474812922393	 0.000260984303276323	  0.00288044717502556
-0.000941486602734551	-0.000113090576549003	   0.0137578295835547	  -0.0009745001158518
-0.00100612816559832	0.000472357697499146	 -0.0133621839601948	-0.00348973340328157
 -0.00120702615945839	 1.56143888954964e-05	-0.000484561556498675	-0.000120330478505379
PANDA TOP
-7.11661133351558e-05	 5.45906865353818e-05	  0.00107088592879211	 -0.00410777207587167
-0.000321863348276861	-0.000113173461106522	 0.000569551312610837	  0.00139881497575686
-0.000324366278315866	-0.000738435611779373	  0.00236342260793513	 -0.00217626385912344
-0.000205218948821169	 0.000740493136136605	  -0.0052046602638077	 0.000285900479954236
0.000122173158231617	-0.00070905229846114	 0.00424056366865685	-0.00155422501427403
-0.000320077658991029	-0.000331874759758752	 3.12051189561086e-05	 -0.00367042566111691
-0.000507307220999672	 4.73486425508179e-06	  -0.0199787286248977	 0.000474931573127747


iteration: 27
PANDA LEFT
  0.00053224636589612	 0.000315936369947537	 -0.00332856955783701	-0.000602571934151916
-5.70425941063176e-05	-0.000199071218988816	 -0.00817887182368602	   0.0045887293249498
-0.000163291712145351	 -0.00110369198371854	 0.000177983479538931	 -0.00306519972803119
-8.72465538688118e-05	 0.000684793294959465	 -0.00555079290362356	  0.00200590060061403
-0.000717065445714334	-0.000333404675771655	  0.00887319742537605	  0.00148191906298456
 -0.00025272402968054	-0.000296586560674575	  -0.0157116776399987	 -0.00507990162895458
-0.000569364598381229	  7.8710784565076e-06	   0.0243265623938391	  0.00123077196675107
PANDA RIGHT
 -0.00149658271061562	-0.000204251677303959	 -0.00363465394745524	  -0.0032187403459058
 0.000102961118549068	-0.000269095018531171	 -0.00346117836445789	  0.00343844647590368
-0.000240805298866984	-0.000803855678850497	  0.00162534045705624	 -0.00396849014051035
0.000246075697874541	0.000947593201873063	-0.00034049416888822	 0.00276268100804158
 -0.00145036513648609	-3.43151468762741e-05	   0.0137283750716373	 -0.00098448237376999
-0.00057966053662032	0.000305841991387917	 -0.0143182686673239	-0.00227318108854173
 -0.00103291415384808	 1.62685832640498e-05	-3.12619770328134e-05	 0.000814747994166851
PANDA TOP
-0.000117795985406957	-0.000147771315867598	  0.00143016270496318	  -0.0045612818955704
-0.000322755573772393	-0.000154051800111275	-0.000551325223512175	  0.00162554698632975
-0.000290381172659118	-0.000649138164774889	  0.00229112227873123	 -0.00202508826435476
-0.000380830274506081	 0.000954135171212445	 -0.00545604695965452	 0.000240289387030185
  0.00011518193904359	-0.000633559505372412	  0.00448842065644881	 -0.00182332806962858
-0.000307586688019515	-0.000140227013837382	 0.000238779815679111	 -0.00355125272174538
-0.000473999462331514	  4.8576109448316e-06	   -0.021268636609927	  0.00062261805493232


iteration: 28
PANDA LEFT
 0.000545890712673789	-0.000240215780742652	 -0.00277248815423091	 0.000770151017089847
-5.20945929196286e-05	-0.000510084615184949	 -0.00789035845448266	   0.0042429271667893
 -0.00010039217736427	-0.000931760406660294	 0.000510290853447934	 -0.00382769365632067
-0.000354138325493119	 0.000726774559198834	 -0.00631182631019824	 0.000962922401748735
-0.000190613250013822	-0.000453244024166537	  0.00998783281833168	 0.000956543583685189
-0.000789150703317245	-0.000268649171060381	  -0.0151318034759645	 -0.00517501949099628
-0.00051631822464996	8.03976326708476e-06	  0.0229413302126942	 0.00104251203581019
PANDA RIGHT
-0.00140077755515219	0.000136646180729562	 -0.0034726381683406	-0.00390004847131917
 0.000138484972936242	-0.000213318890286793	 -0.00447201233844419	  0.00206164701134093
0.000112107601285843	-0.00107518903884642	 0.00269425871977566	-0.00298652679507263
-2.72540384112414e-05	  0.00144417983705405	 0.000260877310767435	  0.00288315192591618
-0.000941583362566671	-0.000112045290972824	   0.0137573592779337	-0.000975394619471026
 -0.0010066912759292	0.000472198354205404	 -0.0133617664140303	-0.00348679622476774
 -0.00120641566521159	 1.68515314586032e-05	-0.000434847991006306	-0.000117806544135377
PANDA TOP
-7.38915419400544e-05	 5.83564064987582e-05	  0.00106882575317299	 -0.00412435444255657
 -0.00032087302753057	-0.000112775256242369	  0.00057099326463177	  0.00139795660172301
-0.000325321765753796	-0.000738063488312653	  0.00236341356701852	 -0.00217659334666736
-0.000204243363840836	 0.000739773749252124	 -0.00520444890421649	 0.000287358990983479
0.000121497943389133	 -0.0007090081860033	 0.00424464787310428	-0.00155180174098978
 -0.00031941929375757	-0.000333013727966322	 3.09870905792609e-05	  -0.0036714991706448
-0.000504811853675039	 5.14742451334341e-06	  -0.0199236254830003	 0.000470833900545997


iteration: 29
PANDA LEFT
 0.000530237448113542	 0.000319474433158994	 -0.00332950785938729	-0.000584591511243886
-5.63686456127987e-05	-0.000199296942029806	 -0.00817793635526796	  0.00458581809996809
-0.000164554918913936	 -0.00110256367877565	 0.000177526742155945	 -0.00306318086559232
-8.66197579233989e-05	  0.00068231182623177	 -0.00555016968325566	  0.00200748990660429
 -0.00071778777824876	-0.000329827401115286	  0.00886991926087867	  0.00148245245546883
-0.000253455445215154	-0.000295301026628792	  -0.0157111824010108	  -0.0050843254628694
-0.000572638643468936	 8.44413198284475e-06	   0.0243819492913659	  0.00123046996940539
PANDA RIGHT
 -0.00149967641831938	-0.000210541077794595	 -0.00363712256430699	 -0.00320150432731287
 0.000102815083196126	-0.000268828836261629	 -0.00345998570589306	  0.00343959434904749
-0.000240748464252085	-0.000803239082307941	  0.00162692803281089	   -0.003969261835459
 0.000245736852506489	 0.000948624139700392	-0.000340409380434069	   0.0027610520953247
 -0.00145083886579663	-3.35231654438901e-05	   0.0137255323627385	-0.000985156143241245
-0.000579719926098287	 0.000305922219318117	  -0.0143181324289877	 -0.00227199652786554
-0.00103200199999802	1.75052490271963e-05	2.41501159267899e-05	0.000816154463973765
PANDA TOP
-0.000120355096277105	-0.000142573534593341	  0.00142621776728354	 -0.00458132318182207
 -0.00032184857412473	-0.000154057626213413	    -0.00055064845603	   0.0016244682226846
 -0.00029105775179325	-0.000648790767144786	  0.00229301217108981	 -0.00202509370128885
-0.000380335472136058	 0.000955154196247267	  -0.0054542645732585	 0.000240684390390067
 0.000115029125614798	-0.000633384063568397	     0.00448876375779	 -0.00182451302061282
-0.000306644368466337	-0.000140558858352223	 0.000237728445332266	 -0.00355422518024133
-0.000471608856924568	 5.27077568657597e-06	  -0.0212133699119696	 0.000622517653469272


iteration: 30
PANDA LEFT
 0.000544049262782281	-0.000235818517102887	 -0.00277467212834563	  0.00078881362232797
-5.12312894714034e-05	 -0.00050993683154946	 -0.00789216061469877	  0.00424277976091815
-0.000101044320005692	-0.000930391484025882	 0.000512475302588671	 -0.00382719282552929
-0.000353470496772307	 0.000724751025933752	 -0.00631146349638811	 0.000963107333185935
-0.000190415488455097	-0.000449878894454205	  0.00998667568632586	 0.000957723110102616
 -0.00078948323988905	-0.000268091671114339	  -0.0151329644507632	 -0.00517309434383059
-0.000519044881278429	 8.61290186817687e-06	   0.0229972073180023	  0.00104255907672675
PANDA RIGHT
-0.00140280716181729	0.000130272037902086	-0.00347352443505997	-0.00388218308891789
 0.000138454132496244	-0.000213135780419052	  -0.0044720424638473	  0.00206137056186052
0.000112227659859589	-0.00107411959722154	 0.00269255488696163	-0.00298664667200765
-2.76257807416809e-05	  0.00144380037881834	 0.000260802042399188	  0.00288498996217226
-0.000941617798178325	-0.000111290120704074	    0.013757037130833	-0.000976062751574234
-0.00100705430734472	  0.0004720662471048	 -0.0133615406348395	-0.00348480545976625
 -0.00120593405249103	 1.80882377218536e-05	-0.000383488739847459	-0.000116170515134136
PANDA TOP
-7.59513594953931e-05	 6.21989518446747e-05	  0.00106740957830354	 -0.00414150803856454
-0.000320097254052916	-0.000112495931253326	 0.000571853847660068	   0.0013972288151843
-0.000326048702688688	-0.000737727395684646	  0.00236338599590584	 -0.00217668035982814
-0.000203478563529993	 0.000739322760415758	 -0.00520427400602847	 0.000288283518218581
 0.000121002383270688	-0.000709100117385641	  0.00424730135092722	 -0.00155015479103746
-0.000318898903558786	-0.000333861385286189	 3.07081844466565e-05	 -0.00367218056016214
-0.00050284926864871	5.56116470769284e-06	 -0.0198685555944734	0.000468156258875246


iteration: 31
PANDA LEFT
 0.000528692691171492	 0.000323303732835236	 -0.00333018208693186	-0.000566396080354015
-5.58415753870266e-05	-0.000199446484873649	 -0.00817727757085043	  0.00458388216601422
-0.000165478650286962	  -0.0011017495830687	 0.000177193821397255	 -0.00306185155387133
-8.61654370825471e-05	 0.000680554640954094	 -0.00554970855736954	  0.00200854629699757
-0.000718275820943287	 -0.00032717491780274	  0.00886774576887477	  0.00148280732429395
-0.000253999818142213	-0.000294385297028668	  -0.0157108380108871	 -0.00508737200065383
-0.000574984258078522	 9.01715552677187e-06	    0.024437217242822	  0.00123019784418598
PANDA RIGHT
 -0.00150190610215623	-0.000216936744402886	 -0.00363885634902585	 -0.00318385419510245
 0.000102731609183252	-0.000268636952617885	 -0.00345919777947039	  0.00344036014553741
-0.000240709240140979	-0.000802756263843524	  0.00162803317136581	 -0.00396976968642226
 0.000245500106890765	 0.000949340423658049	-0.000340322273405548	  0.00275996464619835
  -0.0014511049477306	-3.29582532489639e-05	   0.0137236623209181	-0.000985615188246225
-0.000579768004368425	 0.000305980792515051	  -0.0143180410581791	 -0.00227121799553858
-0.00103133492195074	1.87416068854229e-05	7.94242764276605e-05	0.000817040112451932
PANDA TOP
 -0.00012226891873598	-0.000137681294628245	  0.00142350151996653	 -0.00460083404289113
-0.000321175572124368	-0.000154024222483524	 -0.00055009381259468	  0.00162366857572793
-0.000291603498718927	-0.000648474321847763	  0.00229433172244125	  -0.0020249875840505
-0.00037989227070257	0.000955883961630818	-0.00545293478957002	0.000240972200014117
 0.000114893488425874	-0.000633377292974006	  0.00448892636101293	 -0.00182529265045561
-0.000305979221887846	-0.000140860431979563	 0.000236978016677657	 -0.00355618875400338
-0.000469748369444069	 5.68494326752871e-06	  -0.0211582433103676	 0.000622493679503444


iteration: 32
PANDA LEFT
0.000542645816466816	-0.00023140026152121	-0.00277616533654097	0.000807432052134649
-5.05845020840612e-05	-0.000509828364352734	 -0.00789337486296581	  0.00424270945722036
  -0.0001015576214508	-0.000929410473078794	 0.000513913754550684	 -0.00382686063317317
-0.000352998192757716	 0.000723294243091683	 -0.00631125042959837	 0.000963249423228193
-0.000190336446628643	-0.000447383557518675	  0.00998588226224093	 0.000958564720813653
-0.000789702203843354	-0.000267680524831618	  -0.0151337334546622	 -0.00517176437206205
-0.000520998147255701	 9.18598507994261e-06	   0.0230527622295219	  0.00104258991096962
PANDA RIGHT
-0.00140432273901667	0.000123822095557075	-0.00347420738658863	-0.00386409452750041
  0.00013843497884535	-0.000213011674969307	 -0.00447205259845444	  0.00206119180496747
0.000112287707568044	 -0.0010733104455006	 0.00269135803873703	-0.00298674590551856
-2.7861768821255e-05	 0.00144354823129443	0.000260748250532123	 0.00288624199462082
-0.000941624060078022	-0.000110736417786744	   0.0137568178509592	-0.000976544905917893
-0.00100729055127008	0.000471956854593242	 -0.0133614134911789	-0.00348345031639728
 -0.00120555209722306	 1.93246101371405e-05	-0.000331005602247181	 -0.00011509235053336
PANDA TOP
-7.75089693397267e-05	 6.61525623992342e-05	  0.00106641911686386	  -0.0041590693386523
-0.000319503038293667	 -0.00011229763335915	 0.000572383940842241	  0.00139665943349674
-0.000326595273839433	-0.000737433779124444	   0.0023633591412219	 -0.00217666820099783
-0.00020287759370267	0.000739044189184608	-0.00520413789797857	 0.00028888012889129
 0.000120638774082638	-0.000709259625802491	  0.00424905473254623	 -0.00154902455652417
-0.000318495511499825	-0.000334487025088215	 3.04507411153086e-05	 -0.00367262302534654
-0.000501318449216132	 5.97573417067465e-06	   -0.019813520383786	 0.000466376911240651


iteration: 33
PANDA LEFT
 0.000527503809641426	 0.000327325290790525	 -0.00333067673867925	-0.000548077073971091
-5.54220386130962e-05	-0.000199547104856163	 -0.00817681556300729	  0.00458258267412585
-0.000166166306458338	 -0.00110115071759236	 0.000176955445650175	 -0.00306096557958783
-8.58407232350406e-05	 0.000679305686611107	 -0.00554937334195207	  0.00200925403461203
-0.000718612785353198	-0.000325203591119857	  0.00886629006388671	  0.00148304462489072
-0.000254397731013883	-0.000293730211548782	  -0.0157105997806607	 -0.00508946759917457
-0.000576656380924041	 9.59017824620107e-06	   0.0244923897656697	  0.00122998172062623
PANDA RIGHT
 -0.00150352014871574	-0.000223409675024471	 -0.00364008333422524	 -0.00316592306609506
 0.000102688765743481	-0.000268499329890868	 -0.00345866989636957	  0.00344087443051117
 -0.00024068885021405	-0.000802376577944665	  0.00162879966769606	 -0.00397010552441353
 0.000245336239133871	    0.000949840168068	-0.000340249104401033	  0.00275923114050819
 -0.00145125356662523	-3.25450809203173e-05	   0.0137224156513881	-0.000985928298120227
-0.00057980513074252	0.000306016652224079	 -0.0143179807403518	-0.00227070171143079
-0.00103083999324716	1.99777275164737e-05	0.000134595464473253	0.000817607679549747
PANDA TOP
-0.000123704580711928	-0.000132979375739778	  0.00142161442778681	 -0.00462000966660733
-0.000320678497610878	-0.000153977458800512	-0.000549669341614966	   0.0016230902834001
 -0.00029202877570179	-0.000648195965787791	  0.00229525101193549	  -0.0020248605504757
-0.000379510006859344	 0.000956407315055549	  -0.0054519688678617	 0.000241177294526032
 0.000114771295913728	-0.000633457441318519	  0.00448900454112272	 -0.00182581127198418
-0.000305509801134805	-0.000141115306891324	 0.000236447777401311	 -0.00355750146597924
-0.000468309728249321	 6.09981765516872e-06	  -0.0211031946676164	 0.000622499502029609


iteration: 34
PANDA LEFT
 0.000541572841172558	-0.000226976028653615	 -0.00277720484657637	 0.000826020540490736
-5.00893457744998e-05	-0.000509749463681883	 -0.00789419829944882	  0.00424267638399236
-0.000101968016166471	-0.000928696067038208	 0.000514871223072349	 -0.00382663789116242
-0.000352667507721283	 0.000722243406858332	 -0.00631112059022376	 0.000963352016230026
-0.000190316824160092	-0.000445529026029219	  0.00998533711868777	 0.000959157903490653
-0.000789848739429921	-0.000267376500577973	  -0.0151342483234319	 -0.00517084584098413
-0.000522390913336347	 9.75904759179022e-06	   0.0231081076897922	  0.00104261294206613
PANDA RIGHT
 -0.0014054631307309	0.000117311469693405	 -0.0034747284721828	-0.00384586284439866
 0.000138431993680098	-0.000212926237664708	 -0.00447205576841849	  0.00206107447429186
0.000112306905106267	-0.00107270064172537	 0.00269052322480626	-0.00298682209686171
-2.80126881723592e-05	  0.00144338356923669	 0.000260709917396166	  0.00288709607900364
 -0.00094162088190738	-0.000110321507638609	   0.0137566695844756	-0.000976885500915417
-0.00100744628455401	0.000471863912514328	 -0.0133613386260564	-0.00348252534804628
 -0.00120524624292881	 2.05607317288519e-05	-0.000277753360086433	 -0.00011437247725663
PANDA TOP
-7.86921503323433e-05	 7.02145283382525e-05	  0.00106571316285063	 -0.00417692081852377
-0.000319054511457971	-0.000112155872340194	 0.000572719092592451	  0.00139623445317101
-0.000327002839932093	-0.000737181003654241	  0.00236333776326284	 -0.00217662465938795
-0.000202405465860121	 0.000738875525321498	 -0.00520403583387662	 0.000289272810465362
 0.000120371881807522	-0.000709440991622656	  0.00425022666332397	 -0.00154824683875217
-0.000318186795677709	  -0.0003349455112839	 3.02406127190554e-05	 -0.00367291420954023
-0.00050013177111045	6.39089218835171e-06	  -0.019758515112353	0.000465181172148828


iteration: 35
PANDA LEFT
  0.00052658373748059	 0.000331474868425403	 -0.00333104640338997	-0.000529685943591064
-5.50846634129679e-05	-0.000199615477166325	 -0.00817649305263857	    0.004581703887515
-0.000166685117039954	 -0.00110070099915305	 0.000176787065608113	 -0.00306036915807044
-8.56098554183333e-05	 0.000678415076400817	 -0.00554913251141491	    0.002009730834923
-0.000718850269548048	  -0.0003237325447799	  0.00886530845353505	  0.00148320369328396
-0.000254685011766338	-0.000293259808065307	  -0.0157104358000068	 -0.00509090792744763
-0.000577842467698945	 1.01632144693257e-05	   0.0245474902028571	  0.00122982075722122
PANDA RIGHT
 -0.00150469580203229	-0.000229939240956066	 -0.00364095815466397	 -0.00314780170741948
 0.000102674065355575	-0.000268401040697253	 -0.00345831290793855	  0.00344122208412131
-0.00024068619055452	-0.00080207563101998	 0.00162932996578713	-0.00397032886168898
 0.000245223998761028	   0.0009501918160321	-0.000340192594665293	  0.00275873222389084
 -0.00145133604487515	-3.22341394276254e-05	   0.0137215767814254	-0.000986141240249333
-0.000579834692520211	 0.000306032661102111	  -0.0143179411982635	 -0.00227035751831593
-0.00103046747371671	2.12136696674002e-05	0.000189692402267361	0.000817976751001602
PANDA TOP
-0.000124788500430934	-0.000128394582705358	  0.00142029204418828	 -0.00463897013515218
-0.000320312904086745	-0.000153929049831335	  -0.0005493565642347	  0.00162268055130128
-0.000292353395527628	 -0.00064795430390985	  0.00229589032965332	 -0.00202474797285697
-0.000379187947861865	 0.000956782384694809	 -0.00545127929844331	 0.000241323178472322
0.000114661393790616	-0.00063357225749369	 0.00448904264831159	-0.00182616002079735
-0.000305179056138108	-0.000141322565011636	 0.000236076127728444	  -0.0035583856462205
-0.00046720241710285	6.51519463085656e-06	 -0.0210481918209353	0.000622514509998482


iteration: 36
PANDA LEFT
 0.000540746250601151	-0.000222551552355999	 -0.00277793951052244	 0.000844588438659563
-4.97040526222079e-05	-0.000509692151550602	 -0.00789475906342737	   0.0042426608859909
-0.000102299237124574	-0.000928166811547355	 0.000515513982174587	  -0.0038264870280442
-0.000352436759011317	 0.000721483809756229	 -0.00631103844569646	 0.000963423536246296
-0.000190326952386907	-0.000444144452174211	  0.00998496188770845	 0.000959572582040312
-0.000789947947519676	-0.000267151345711696	  -0.0151345960265135	 -0.00517021174194495
-0.000523379357159486	 1.03321081536609e-05	   0.0231633152784359	  0.00104263137358886
PANDA RIGHT
-0.00140633066541627	0.000110753546471257	-0.00347512488622924	-0.00382753804075078
  0.00013844549683204	-0.000212866764674761	 -0.00447205653387941	   0.0020609965711085
0.000112296758878324	-0.00107223972275933	 0.00268994416750297	-0.00298687830249312
-2.81088273319779e-05	  0.00144327970495369	 0.000260683084451204	  0.00288767899612705
-0.000941617578740498	 -0.00011000224447067	   0.0137565696997384	-0.000977122744254999
 -0.0010075512018736	 0.00047178225542559	 -0.0133612927923467	-0.00348189317285152
 -0.00120499781917066	 2.17966690332205e-05	-0.000223974534326366	-0.000113886804504759
PANDA TOP
-7.95986087035948e-05	 7.43695131967947e-05	  0.00106520123664394	  -0.0041949770968857
-0.000318719210519893	-0.000112054216472271	 0.000572935638052752	  0.00139592643451262
-0.000327305308487304	 -0.00073696399814617	  0.00236332200338907	 -0.00217657846953025
-0.000202035105200611	  0.00073877634121057	 -0.00520396129993958	 0.000289536084428593
 0.000120175829418395	-0.000709615556852372	  0.00425101581002266	 -0.00154771190193392
 -0.00031795272737588	-0.000335279426667158	 3.00797569860408e-05	 -0.00367310742445092
-0.000499216401243057	 6.80647060261321e-06	  -0.0197035335601325	 0.000464371902981031


iteration: 37
PANDA LEFT
 0.000525864602362893	 0.000335710449307457	 -0.00333132660914051	-0.000511251647913124
-5.48117666795168e-05	-0.000199662110297148	 -0.00817626873731215	  0.00458110615351183
-0.000167080610816563	 -0.00110035577858204	 0.000176669185546803	 -0.00305996430023465
-8.54451681702436e-05	 0.000677778354491853	 -0.00554896083539605	   0.0020100533361662
-0.000719021291000761	-0.000322628152294474	  0.00886464349035985	  0.00148331040257246
-0.000254890470122013	-0.000292921018664002	  -0.0157103236252232	 -0.00509189722285442
-0.00057867911362188	1.07362699930116e-05	  0.0246025378057719	 0.00122970553060661
PANDA RIGHT
  -0.0015055589900775	-0.000236510401314183	 -0.00364158625518447	 -0.00312955155694587
 0.000102679878397719	-0.000268331150543589	 -0.00345807003089009	  0.00344145844474898
-0.000240699385474575	-0.000801834091633669	  0.00162969633720421	 -0.00397047813202191
 0.000245148216769299	 0.000950442871881519	-0.000340150842084968	    0.002758390288205
 -0.00145138152572775	-3.19930218145431e-05	   0.0137210089060669	-0.000986285250214594
-0.000579860371244035	 0.000306032884496544	  -0.0143179154740819	 -0.00227012745485523
-0.00103018235747297	2.24494815079319e-05	0.000244736730642704	0.000818219714220588
PANDA TOP
-0.000125614890298694	-0.000123881194317165	  0.00141935819277882	 -0.00465779058063523
-0.000320045055168361	-0.000153884069308936	-0.000549131563459407	  0.00162239462390723
-0.000292598216101346	-0.000647744562281526	  0.00229633469829659	 -0.00202465932651083
-0.000378920650866612	 0.000957050672907689	 -0.00545079256383519	 0.000241427439918722
 0.000114563160854705	-0.000633689855552107	  0.00448906148094681	 -0.00182639671889918
-0.000304946567582959	 -0.00014148727913032	  0.00023581721037727	  -0.0035589839552408
-0.000466353228455016	 6.93093088144157e-06	  -0.0209932170333442	 0.000622530547892005


iteration: 38
PANDA LEFT
 0.000540101905902361	-0.000218128664613708	 -0.00277846543488054	 0.000863141667031044
-4.94004437223714e-05	-0.000509650365878679	 -0.00789514201101364	  0.00424265344604585
 -0.00010256809548715	-0.000927767149012876	 0.000515948405226362	 -0.00382638405630138
-0.000352275166419177	 0.000720933575034782	 -0.00631098456081605	 0.000963472145392068
-0.000190351935323182	-0.000443103436416122	  0.00998470317889587	  0.00095986094317638
-0.000790015593911339	-0.000266984603114344	  -0.0151348325201465	 -0.00516977441600036
-0.00052407699597951	1.09051761599522e-05	  0.0232184312886611	 0.00104264638565988
PANDA RIGHT
-0.00140699987380907	0.000104159639960217	-0.00347542673384308	-0.00380915261868584
 0.000138474050882694	-0.000212825034666908	 -0.00447205649212763	  0.00206094462160365
 0.00011226479859339	 -0.0010718882231263	 0.00268954422183357	-0.00298691902657814
-2.81689081120172e-05	  0.00144321832286414	 0.000260664759370722	  0.00288807686599573
-0.000941618222534583	-0.000109749502699166	   0.0137565025656725	-0.000977286417722675
-0.00100762448091902	0.000471708353116516	 -0.0133612637292318	-0.00348146088891417
 -0.00120479235048676	 2.30324750504926e-05	-0.000169835275067575	-0.000113556261629061
PANDA TOP
-8.03016239856811e-05	 7.85993877923405e-05	  0.00106482439288293	 -0.00421317620856902
-0.000318470180176887	-0.000111981285437847	 0.000573078125190752	  0.00139570741414207
-0.000327529458044994	-0.000736776793630155	  0.00236331095830998	 -0.00217653980100685
-0.000201745075274536	 0.000738720442123416	 -0.00520390780367135	 0.000289715476529378
 0.000120031621128583	-0.000709767039631052	  0.00425154956631633	 -0.00154734434002199
-0.000317776586411262	-0.000335521097366033	 2.99611640559878e-05	 -0.00367323646958905
-0.000498513386969403	 7.22235026987445e-06	  -0.0196485699330827	 0.000463821974621481


iteration: 39
PANDA LEFT
 0.000525294753936099	 0.000340004208841614	 -0.00333154131691605	-0.000492791294164671
-5.45902943720786e-05	-0.000199693850369371	 -0.00817611323145911	    0.004580697628272
-0.000167384598427068	 -0.00110008452276356	  0.00017658742162486	 -0.00305968740175708
-8.53262566290355e-05	 0.000677322454153286	 -0.00554883903432462	  0.00201027221746538
-0.000719147499373959	-0.000321792056840736	  0.00886419163257369	  0.00148338191995353
-0.000255036184584536	-0.000292676461028052	  -0.0157102475354407	 -0.00509257639213489
-0.000579265125229474	 1.13093459146468e-05	   0.0246575473922759	  0.00122962545638032
PANDA RIGHT
 -0.00150619910908182	-0.000243112079252639	 -0.00364204023558977	 -0.00311121441296269
 0.000102701075697434	-0.000268281755512391	 -0.00345790408910913	  0.00344161999968926
-0.000240726312081967	-0.000801636973867409	  0.00162994944107801	 -0.00397057840018492
 0.000245098271389021	 0.000950626056474163	-0.000340120785560862	  0.00275815417352502
 -0.00145140660787653	-3.18005804035439e-05	   0.0137206231372306	-0.000986381706339455
-0.000579884979789447	 0.000306021192924916	  -0.0143178989045063	 -0.00226997368279161
-0.00102995976580117	2.36852022378173e-05	0.000299744149217317	0.000818381328474264
PANDA TOP
-0.000126253165985118	-0.000119410733074152	  0.00141869423162336	 -0.00467651858099283
 -0.00031984957829736	-0.000153844431331567	-0.000548972397815318	  0.00162219753635702
-0.000292781756942268	-0.000647561216929266	  0.00229664361550744	 -0.00202459380392398
-0.000378700902472247	 0.000957241948758898	 -0.00545045155164553	 0.000241502614111108
 0.000114475881771895	-0.000633792257577267	  0.00448907105922952	 -0.00182655868705839
-0.000304783697856326	-0.000141616137994962	 0.000235637743868714	 -0.00355938997109258
-0.000465704192396483	 7.34692442361624e-06	  -0.0209382598615668	 0.000622544773409946


iteration: 40
PANDA LEFT
 0.000539591781139985	-0.000213707612701841	 -0.00277884612865964	 0.000881684523484412
-4.91586688109943e-05	-0.000509619575001399	 -0.00789540401089155	  0.00424264931012336
-0.000102787241732768	-0.000927458845857132	 0.000516243607723577	 -0.00382631302578607
-0.000352160702333881	 0.000720534328729162	 -0.00631094773832325	 0.000963504446970212
-0.000190384377440413	-0.000442313107712765	  0.00998452444974143	 0.000960060629551557
-0.000790061799472228	-0.000266861387471253	  -0.0151349944866516	 -0.00516947299247373
-0.000524565889464442	 1.14782555118673e-05	   0.0232734857767356	  0.00104265861010554
PANDA RIGHT
-0.00140752472766191	9.75386361536242e-05	-0.00347565718653185	 -0.0037907272983616
 0.000138515587915915	-0.000212795627959925	  -0.0044720560223797	    0.002060910029674
0.000112216315386018	-0.00107161624359954	 0.00268926899519107	-0.00298694835253371
-2.82047383483478e-05	   0.0014431867122696	 0.000260652725107088	  0.00288834816466713
 -0.00094162411613923	-0.000109543730548105	   0.0137564575529049	-0.000977398432798887
-0.00100767846658719	0.000471639814263811	  -0.013361244721014	-0.00348116544672527
 -0.00120461874560664	 2.42681917505371e-05	 -0.00011544927083224	-0.000113329491697405
PANDA TOP
  -8.08554160802e-05	8.28876840390511e-05	 0.00106454357877402	-0.00423147435318946
-0.000318286045452884	-0.000111929097465452	 0.000573173402944635	  0.00139555360953923
-0.000327695838807132	-0.000736613740321764	  0.00236330348947706	 -0.00217651070135663
-0.000201518313810491	 0.000738690956170553	 -0.00520386997015653	 0.000289839397500374
 0.000119925482308347	-0.000709887654006747	  0.00425191166381405	 -0.00154709206127313
-0.000317645093542868	-0.000335694618995688	 2.98758917477024e-05	 -0.00367332326464603
-0.000497975935502889	 7.63844579135016e-06	  -0.0195936193220078	 0.000463447364028437


iteration: 41
PANDA LEFT
 0.000524835508363917	 0.000344337529992526	 -0.00333170727448769	-0.000474314931552004
-5.44100476069676e-05	-0.000199715228537624	 -0.00817600568063901	  0.00458041707643383
-0.000167620021105384	 -0.00109986601665727	 0.000176531113359111	 -0.00305949650958033
-8.52385396104716e-05	 0.000676995852293468	 -0.00554875264053634	  0.00201042123519412
-0.000719243176193936	-0.000321152197009725	   0.0088638839813187	  0.00148342959105605
-0.000255138684021523	-0.000292499717314582	  -0.0157101965805454	 -0.00509304227515996
-0.000579671623185424	 1.18824409598773e-05	   0.0247125298976421	  0.00122957120755976
PANDA RIGHT
 -0.00150667955431231	-0.000249736068984497	 -0.00364237040545116	 -0.00309281853310187
 0.000102733985443714	-0.000268247128282224	 -0.00345779039426288	  0.00344173104505986
-0.000240764818718468	-0.000801472717846721	  0.00163012428853771	 -0.00397064604494595
  0.00024506672196631	 0.000950763553829769	-0.000340099399552801	   0.0027579897357766
 -0.00145142062768545	-3.16427369735791e-05	   0.0137203606956918	-0.000986445498571363
-0.000579910245645378	 0.000306000938663636	  -0.0143178885328373	 -0.00226987120211996
-0.00102978176428769	2.49208636123219e-05	0.000354725871301398	 0.00081848972789795
PANDA TOP
-0.000126754056111028	 -0.00011496544578201	  0.00141821910388135	 -0.00469518477833237
-0.000319707455546835	-0.000153810496778837	-0.000548861244729504	  0.00162206316308763
-0.000292919181700764	-0.000647399141508972	  0.00229685863583327	 -0.00202454729087196
-0.000378521187841649	  0.00095737758333052	 -0.00545021387620256	  0.00024155733695101
 0.000114398544078362	-0.000633870506534586	  0.00448907626643373	 -0.00182667040366681
-0.000304670150307681	-0.000141715754386515	 0.000235513927338542	  -0.0035596658232033
-0.000465209936917914	 7.76310204654727e-06	   -0.020883314109564	  0.00062255673681143


iteration: 42
PANDA LEFT
 0.000539180357068702	-0.000209288109646095	    -0.00277912454268	 0.000900219779428965
-4.89642175229267e-05	-0.000509596524947605	  -0.0078955835090396	  0.00424264622319493
-0.000102966602611665	-0.000927215355633966	   0.0005164451060783	 -0.00382626344190286
-0.000352077970784237	 0.000720244278709735	 -0.00631092148159906	 0.000963525430884234
-0.000190420585404919	-0.000441705492922883	   0.0099844006198941	 0.000960198503964379
-0.000790093236819035	-0.000266770754014461	  -0.0151351062297773	 -0.00516926557942766
-0.000524905011668995	 1.20513471239944e-05	   0.0233284987294801	  0.00104266843724498
PANDA RIGHT
-0.00140794422159835	9.08975141886937e-05	-0.00347583369077957	-0.00377227580975155
 0.000138567935877451	-0.000212774896238752	 -0.00447205531255433	  0.00206088724998561
0.000112155241862851	-0.00107140162315503	 0.00268908011927999	-0.00298696959923468
-2.82239742392424e-05	  0.00144317589891881	 0.000260645328121737	  0.00288853295348971
-0.000941635224076493	-0.000109371619997037	   0.0137564274879507	-0.000977474678936597
-0.00100772097505153	 0.00047157520830082	 -0.0133612320019504	-0.00348096366768729
 -0.00120446839925384	 2.55038523413142e-05	 -6.0894337175277e-05	-0.000113172752957703
PANDA TOP
-8.12997584242297e-05	 8.72205930974912e-05	  0.00106433211088962	 -0.00424984047973361
-0.000318150312780857	-0.000111892015628181	 0.000573238051100101	  0.00139544653088656
-0.000327819963497529	-0.000736469914662741	  0.00236329860201503	 -0.00217649029701732
-0.000201341247270455	 0.000738677104319131	 -0.00520384365920151	 0.000289926058055535
 0.000119847302373812	-0.000709975123903007	  0.00425215761537124	 -0.00154691916482125
-0.000317547807098655	 -0.00033581784038247	 2.98157630572277e-05	 -0.00367338191425578
-0.000497567257652391	  8.0546954903862e-06	  -0.0195386781184668	 0.000463191995645649


iteration: 43
PANDA LEFT
 0.000524458172798684	 0.000348697923848337	 -0.00333183625659626	-0.000455828460927666
-5.42629250133477e-05	-0.000199729338563743	 -0.00817593144862892	  0.00458022354719274
-0.000167803635097963	 -0.00109968565044556	 0.000176492771254831	  -0.0030593639281866
-8.51717995705327e-05	 0.000676762178906121	 -0.00554869133822532	   0.0020105230455585
-0.000719318018355267	-0.000320655980458101	  0.00886367425562048	  0.00148346119787097
-0.000255210049849119	-0.000292371946450829	   -0.015710163063911	 -0.00509336165444433
-0.000579949640827175	 1.24555527199538e-05	    0.024767493190511	  0.00122953546873962
PANDA RIGHT
 -0.00150704521653691	-0.000256376396177679	 -0.00364261179859346	 -0.00307438281089402
 0.000102775813692483	-0.000268223226772252	 -0.00345771229189237	  0.00344180777216285
-0.000240812887629303	-0.000801332783681785	  0.00163024528936011	 -0.00397069187088113
0.000245048397392044	0.000950870522943855	-0.00034008430219787	 0.00275787403030169
 -0.00145142891591617	-3.15101539703049e-05	   0.0137201821113799	-0.000986486827750272
-0.000579937167634266	 0.000305974739458191	  -0.0143178823437355	 -0.00226980333775825
-0.00102963529378319	2.61564912616967e-05	0.000409689645412667	 0.00081856305751672
PANDA TOP
-0.000127154432481157	-0.000110534449604888	  0.00141787740782588	 -0.00471380932673169
-0.000319604644173547	-0.000153781966303933	 -0.00054878446472621	  0.00162197257188013
-0.000293022360704315	-0.000647253905224249	  0.00229700851610584	 -0.00202451514768441
-0.000378374589667083	 0.000957472924796293	 -0.00545004883868377	 0.000241597576058089
 0.000114330045846895	-0.000633921475975964	  0.00448907943600798	 -0.00182674802118601
-0.000304591598828774	-0.000141791857986456	 0.000235429012233492	 -0.00355985339483818
-0.00046483524572604	8.17941064953563e-06	 -0.0208283758745234	0.000622566700064191


iteration: 44
PANDA LEFT
 0.000538841559976032	-0.000204869577363226	 -0.00277933001686766	 0.000918749930660199
-4.88063005223139e-05	-0.000509578880797408	 -0.00789570661895064	  0.00424264319100391
-0.000103114037419367	-0.000927018196133717	 0.000516583178082613	 -0.00382622825735125
-0.000352016439107459	  0.00072003346886294	  -0.0063109019165022	 0.000963538611478413
-0.000190458763933027	-0.000441231235485663	  0.00998431440455115	 0.000960293527332716
-0.000790114388166161	-0.000266704610129506	  -0.0151351838955195	 -0.00516912313381998
-0.000525136720948863	 1.26244502680702e-05	   0.0233834833779436	  0.00104267626373451
PANDA RIGHT
-0.00140828650118764	 8.4241362934117e-05	-0.00347596942008647	-0.00375380678441836
 0.000138629042740222	-0.000212760303887797	  -0.0044720544728768	  0.00206087258995701
0.000112084601093616	-0.00107122822903216	 0.00268895083556278	-0.00298698524647007
-2.82316696626538e-05	  0.00144317956177539	 0.000260641319216901	   0.0028886586832074
-0.000941650889656379	 -0.00010922417463675	   0.0137564074310151	-0.000977526326753985
-0.00100775691527127	0.000471513604197322	 -0.0133612233574847	 -0.0034808260435422
 -0.00120433484214788	 2.67394830504975e-05	-6.22383441130424e-06	-0.000113063484629415
PANDA TOP
-8.16636777345049e-05	 9.15872935587021e-05	  0.00106417154509044	 -0.00426825334421755
-0.000318050501511882	-0.000111865979773596	 0.000573282507044358	  0.00139537243286984
-0.000327913277551648	-0.000736341318679541	  0.00236329543388739	 -0.00217647675115744
-0.00020120310959972	 0.00073867200766007	-0.00520382570872291	0.000289987206938061
 0.000119789776744751	-0.000710030520219749	  0.00425232468450717	 -0.00154680074566071
-0.000317476733583826	-0.000335903861248568	  2.9774036937565e-05	  -0.0036734219483466
-0.000497258640790996	 8.47105443327471e-06	  -0.0194837434642495	 0.000463018036026474


iteration: 45
PANDA LEFT
 0.000524141589142723	 0.000353076859511251	 -0.00333193695422899	-0.000437335886253544
  -5.414237534721e-05	-0.000199738304938024	  -0.0081758803053301	  0.00458008927939105
-0.000167947904140374	 -0.00109953292036473	 0.000176466921153874	 -0.00305927098358736
-8.51190564360607e-05	  0.00067659556552873	 -0.00554864761514474	  0.00201059278725834
-0.000719378511582432	-0.000320265054909406	  0.00886353122573568	  0.00148348184669763
-0.000255259080848521	-0.000292279703248444	   -0.015710141600842	 -0.00509358041023531
-0.000580135727338923	 1.30286784277794e-05	   0.0248224430497081	  0.00122951281246405
PANDA RIGHT
 -0.00150732805099173	-0.000263028575149547	 -0.00364278912483393	 -0.00305592045320255
 0.000102824448846029	-0.000268207070577182	 -0.00345765849350404	  0.00344186119871962
-0.000240868751100302	-0.000801210707802219	  0.00163032911651519	 -0.00397072302699632
 0.000245039523688658	 0.000950957003855426	-0.000340073620354133	  0.00275779151115823
 -0.00145143430513788	-3.13964466804503e-05	   0.0137200607933545	-0.000986512785225617
-0.000579966090307851	 0.000305944597746194	   -0.014317879018776	  -0.0022697589238366
-0.00102951106187014	2.73921057217019e-05	0.000464641003763023	0.000818612973233694
PANDA TOP
-0.000127481077938217	-0.000106111076011831	  0.00141763027395177	 -0.00473240510655332
-0.000319530709396457	-0.000153758224010757	-0.000548731978380898	  0.00162191227803124
-0.000293100331615859	-0.000647121957910775	  0.00229711336998978	 -0.00202449355672916
-0.000378254979089856	 0.000957538974155848	 -0.00544993453728172	  0.00024162759083118
 0.000114269252021512	-0.000633945353467546	  0.00448908176198417	 -0.00182680252659965
-0.000304537978136834	-0.000141849268065314	 0.000235371126111879	 -0.00355998075428431
-0.000464552843713775	 8.59581151346548e-06	  -0.0207734426864565	 0.000622575034278181


iteration: 46
PANDA LEFT
 0.000538556351057084	-0.000200451774428399	 -0.00277948316434145	 0.000937275920934719
-4.86766888802022e-05	-0.000509565018952628	 -0.00789579113869727	  0.00424263973054832
-0.000103235920730666	-0.000926854282278371	 0.000516678227701696	 -0.00382620271775955
-0.000351968918914191	 0.000719880380414485	  -0.0063108866452599	 0.000963546500401867
-0.000190497951572651	  -0.0004408544263106	   0.0099842539702827	 0.000960358997770457
-0.000790128349572964	-0.000266656969034419	  -0.0151352384425662	 -0.00516902564331135
-0.000525291362406623	 1.31975634564609e-05	   0.0234384487879413	   0.0010426823862916
PANDA RIGHT
 -0.0014085720276648	7.75743739516758e-05	-0.00347607430547468	-0.00373532672472755
 0.000138697076921128	-0.000212750135389949	 -0.00447205349339217	  0.00206086345820109
0.000112006742931655	-0.00107108437694467	 0.00268886259751946	-0.00298699702070264
-2.82313151824788e-05	  0.00144319324472219	 0.000260639690660192	   0.0028887439551519
-0.000941670356306453	-0.000109095056536502	   0.0137563941501523	-0.000977561124079902
-0.00100778930544392	0.000471454362645994	 -0.0133612172843836	-0.00348073232804423
  -0.0012042132224417	 2.79751044784491e-05	 4.85258114143911e-05	-0.000112986464513115
PANDA TOP
-8.19683369841092e-05	 9.59791873355796e-05	  0.00106404868157254	 -0.00428669750361847
-0.000317977209529189	-0.000111848074829725	 0.000573313484951005	  0.00139532137615553
-0.000327984260899039	-0.000736224676662202	  0.00236329339625699	 -0.00217646828134784
-0.000201095406850809	 0.000738671342795489	 -0.00520381377163315	 0.000290030817760887
  0.00011974755688781	-0.000710056592457221	  0.00425243804002815	 -0.00154671971479501
-0.000317425745514948	-0.000335962289858909	 2.97455666312869e-05	 -0.00367344945713572
-0.000497027614907661	 8.88748972109279e-06	  -0.0194288134230657	 0.000462899702411745


iteration: 47
PANDA LEFT
 0.000523870190569178	 0.000357468454784579	 -0.00333201578931204	-0.000418839877393247
-5.40431272424126e-05	-0.000199743620532772	 -0.00817584509252775	  0.00457999550431248
-0.000168062168068272	 -0.00109940039593733	 0.000176449692270366	 -0.00305920505584855
-8.50755892917109e-05	 0.000676477464292449	 -0.00554861611029447	  0.00201064080005376
-0.000719429087892736	-0.000319951368311965	  0.00886343364798008	  0.00148349508056824
-0.000255292122389921	-0.000292213359529473	  -0.0157101285506263	 -0.00509372995266508
-0.000580255851433211	 1.36018153085745e-05	   0.0248773834311545	  0.00122949922332018
PANDA RIGHT
 -0.00150755089714133	-0.000269689155685155	 -0.00364292000372374	 -0.00303744054574358
0.000102878118499874	-0.00026819655582014	-0.00345762136094844	 0.00344189858260854
-0.000240930719900458	-0.000801101752682088	  0.00163038742426897	 -0.00397074420627024
 0.000245037475919399	 0.000951029804396098	-0.000340066075795402	  0.00275773169221217
 -0.00145143844697536	-3.12971031558424e-05	   0.0137199784836603	-0.000986528180824352
-0.000579997038385867	 0.000305911891879649	  -0.0143178776636535	 -0.00226973039513975
 -0.0010294023713596	2.86277234277417e-05	0.000519583675526492	0.000818647337024395
PANDA TOP
-0.000127753459847164	-0.000101691508891895	  0.00141745069113555	 -0.00475098036190762
-0.000319477935418451	-0.000153738554474544	-0.000548696557599339	  0.00162187292760186
-0.000293159887134742	-0.000647000417708448	  0.00229718691822491	 -0.00202447945531084
-0.000378157132946726	 0.000957583595748336	 -0.00544985554824321	 0.000241650310020215
 0.000114214978216723	-0.000633944141774969	  0.00448908366616806	 -0.00182684115266595
-0.000304502104977198	-0.000141891944799982	 0.000235332035379842	 -0.00356006709868126
-0.000464341634371007	 9.01227618230873e-06	  -0.0207185129348771	 0.000622582109526172


iteration: 48
PANDA LEFT
 0.000538310761811722	-0.000196034363138002	 -0.00277959840682018	 0.000955798731671315
-4.85690676122535e-05	-0.000509553775344642	 -0.00789584922797519	  0.00424263570398745
-0.000103337403263816	-0.000926714412875309	 0.000516743820642359	 -0.00382618361980359
-0.000351930605497033	 0.000719769381805583	 -0.00631087410307839	 0.000963550809148765
-0.000190537696424278	-0.000440548903200288	  0.00998421108755688	 0.000960404159341547
-0.000790137229164618	-0.000266623341260231	  -0.0151352772754469	 -0.00516895927672568
-0.000525390617578413	 1.37706848733231e-05	   0.0234934008428753	  0.00104268715699695
PANDA RIGHT
-0.00140881559447061	7.08995215571786e-05	-0.00347615574996549	-0.00371683960300206
 0.000138770494236037	-0.000212743156807143	 -0.00447205248800885	  0.00206085813656931
0.000111923495941136	-0.00107096171161941	 0.00268880257477276	-0.00298700620011411
-2.8225227415882e-05	 0.00144321378991603	0.000260639802828988	 0.00288880166051273
-0.000941692816172559	-0.000108979823234587	   0.0137563854595303	-0.000977584485807796
-0.00100781991118145	0.000471397054572978	 -0.0133612130300309	-0.00348066861863225
 -0.00120409999492991	  2.9210732806918e-05	 0.000103329573814852	-0.000112931599677653
PANDA TOP
-8.22291856475397e-05	  0.00010038987181179	  0.00106395391725481	 -0.00430516245192992
-0.000317923445434416	-0.000111836167654734	 0.000573335382771858	  0.00139528630894665
-0.000328039108228081	-0.000736117472331603	  0.00236329205349467	 -0.00217646348312864
-0.000201011442331214	 0.000738672489441885	 -0.00520380612754489	 0.000290062207075402
 0.000119716730816691	-0.000710056918806159	  0.00425251470752169	 -0.00154666430318544
-0.000317390126950686	-0.000336000236796992	 2.97264720426327e-05	 -0.00367346861817635
-0.000496856808861834	 9.30397710330342e-06	  -0.0193738865923364	 0.000462819431056702


