iteration: 1
eval(before): 2.06844e-05
del_phi.norm(): 4.76714e-06
PANDA LEFT
 0.000474297219909901	   0.0004781351747638	 -0.00304690756322865	  0.00148974291174151
-3.72373488107722e-05	-0.000287966775158332	 -0.00812548588948693	  0.00421945720137424
-0.000154313221090568	 -0.00108971761220007	 0.000317025890382516	  -0.0030435388275827
-0.000119370226974562	 0.000712415167470248	 -0.00571113414064357	  0.00176342683745602
-0.000589764671035327	-0.000327908113217219	  0.00940221378292545	  0.00123864122172319
-0.000437501327007342	-0.000294745737395728	  -0.0156643752363916	 -0.00528767115753632
 -0.00059094792446928	 6.23888892473541e-05	   0.0291447747942623	  0.00112918916992479
PANDA RIGHT
 -0.00153136570527974	-0.000769020367012127	 -0.00374434988094593	 -0.00183953676926661
 0.000164167484815302	-0.000212924734073785	 -0.00418470760113256	  0.00291611821140691
-2.27693777663101e-05	 -0.00101280146832479	  0.00209821116256753	 -0.00362555331362457
 0.000211282143516295	  0.00108993071284673	   0.0001020739866069	  0.00293621184592879
 -0.00136387862496943	 -5.7551584852205e-05	   0.0139880078593596	 -0.00122209312055637
-0.000502879885185027	 0.000337731180431277	  -0.0139772234084682	 -0.00268879683558014
 -0.00104770896059048	 0.000135341817860635	  0.00498771618238813	 0.000341786913039113
PANDA TOP
-0.000172020445918924	 0.000592463978747916	  0.00119656097890663	 -0.00650637660241734
-0.000330274928813989	-0.000122949853299614	 7.15077733344764e-05	  0.00167290956375978
-0.000278030499629456	-0.000685688455985741	  0.00203469818841729	 -0.00187960725689018
-0.000353878771488404	 0.000889926357059051	 -0.00512960539184403	 0.000170115399293894
 0.000192342978837757	-0.000634965196501953	  0.00445753807257851	  -0.0016654660970204
-0.000244909296051885	 -0.00021114078981347	 0.000109949315936508	  -0.0035670345718083
-0.000484258424466681	 4.41587708435035e-05	  -0.0155464842764697	  0.00060359694204308


iteration: 2
eval(before): 2.0683e-05
del_phi.norm(): 4.7423e-06
PANDA LEFT
 0.000474264196831893	 0.000477430141906934	 -0.00304664509555791	   0.0014901767890478
-3.72802728094834e-05	-0.000287952663361646	 -0.00812564301791115	  0.00421999914683512
 -0.00015431518382104	 -0.00108937426986934	 0.000316755745815952	 -0.00304300753769743
-0.000119618608650668	  0.00071233519437116	 -0.00571093330909546	  0.00176268592735358
-0.000589739815956856	 -0.00032808243386408	  0.00940336982968319	  0.00123882449164697
-0.000438047623521761	 -0.00029488562235756	  -0.0156629953051784	 -0.00528689338776381
-0.000591105051934651	 6.23888192195253e-05	   0.0291440201536761	  0.00112878481346048
PANDA RIGHT
 -0.00153148430094726	-0.000768545994442683	 -0.00374469132064989	 -0.00184035969178261
 0.000164192910389742	-0.000212917548038249	 -0.00418578645214656	  0.00291526111013647
-2.23175420844217e-05	 -0.00101333733836078	  0.00209947544284115	  -0.0036252260183027
  0.00021109588576887	  0.00109037574648689	 0.000102611814529505	  0.00293720572808469
 -0.00136363758114403	-5.77293144612235e-05	   0.0139891145547618	 -0.00122184909481908
-0.000502887930009603	 0.000337937160720076	  -0.0139767085586326	 -0.00268908831977083
 -0.00104788346928049	 0.000135348318422102	  0.00498829210072325	 0.000340670911016129
PANDA TOP
-0.000172086593959251	 0.000592619047575328	  0.00119675135197802	 -0.00650713457398134
-0.000330270357204501	  -0.0001227739771769	 7.15425814848834e-05	  0.00167354442953254
 -0.00027785626942248	-0.000685922654918087	  0.00203430804303794	 -0.00187927860430113
-0.000353677090257076	 0.000889708712282518	 -0.00512909898721703	   0.0001703830254028
 0.000192561289836126	-0.000634935505817163	  0.00445757241401941	  -0.0016645071507826
-0.000244964415771332	-0.000211362052741055	 0.000108682455808595	 -0.00356789297024561
-0.000484261051951334	 4.41579666370629e-05	  -0.0155462298992935	 0.000603740423214339


iteration: 3
eval(before): 2.06817e-05
del_phi.norm(): 4.71732e-06
PANDA LEFT
 0.000474231366722182	 0.000476724481234002	 -0.00304638537579173	   0.0014906090313287
-3.73242902926414e-05	-0.000287937907386895	 -0.00812579663429155	   0.0042205411934501
-0.000154317565620772	 -0.00108903200511199	  0.00031648692034302	 -0.00304248449905765
-0.000119867700671932	 0.000712254832990491	 -0.00571073522259109	  0.00176194734005995
-0.000589713503300048	-0.000328257150518296	  0.00940452018242066	  0.00123900320713597
 -0.00043858839850169	-0.000295025136970343	  -0.0156616223565356	 -0.00528611925048727
-0.000591262809797093	 6.23887493761554e-05	   0.0291432698667776	  0.00112838074793512
PANDA RIGHT
 -0.00153160288163195	-0.000768068202926391	 -0.00374503315979072	 -0.00184117796748288
 0.000164218864745488	-0.000212912173987095	 -0.00418685465220754	  0.00291441071303124
-2.18681093818561e-05	 -0.00101386760434793	  0.00210073311960192	 -0.00362489971008697
 0.000210908890265096	   0.0010908193661152	 0.000103149016463469	  0.00293819518758173
 -0.00136340070065641	-5.79076101229193e-05	   0.0139902102635429	  -0.0012216038689083
-0.000502901626592922	 0.000338144364505305	  -0.0139761954803783	 -0.00268938048948949
 -0.00104805851709039	 0.000135354812787138	  0.00498886555333587	 0.000339560544491089
PANDA TOP
-0.000172152595692036	 0.000592766849701131	  0.00119694267202922	 -0.00650788832682828
 -0.00033026627234039	-0.000122597838429018	 7.15718866940509e-05	  0.00167417612666982
 -0.00027768245841577	-0.000686157733186865	   0.0020339246824448	  -0.0018789523734064
-0.000353475624916472	 0.000889492054268835	 -0.00512859395943854	 0.000170648911719728
 0.000192781046914156	-0.000634906125620064	  0.00445760724263524	 -0.00166355093718486
-0.000245019441668147	-0.000211581942223008	 0.000107418772553246	 -0.00356874250254843
-0.000484263894716496	 4.41571669509999e-05	  -0.0155459773648876	 0.000603883447516575


iteration: 4
eval(before): 2.06804e-05
del_phi.norm(): 4.69249e-06
PANDA LEFT
 0.000474198909992676	  0.00047601860058586	 -0.00304612870041358	   0.0014910398243341
-3.73695076642928e-05	-0.000287922720334721	 -0.00812594699431577	  0.00422108330522941
-0.000154320486628804	 -0.00108869073730865	  0.00031621910377709	 -0.00304196958687942
-0.000120117224331293	 0.000712174256877174	 -0.00571053982138581	  0.00176121119264261
-0.000589685960599555	-0.000328431971586282	  0.00940566504516958	  0.00123917766023055
-0.000439124117312712	-0.000295164147967339	  -0.0156602562533331	 -0.00528534839404117
-0.000591420927340589	 6.23886796832668e-05	   0.0291425244392051	  0.00112797710131685
PANDA RIGHT
 -0.00153172137558876	-0.000767587491632604	 -0.00374537477267307	 -0.00184199197053937
 0.000164245081024583	-0.000212908351230989	 -0.00418791239249917	  0.00291356661972341
-2.14212163960779e-05	 -0.00101439270849741	  0.00210198436917648	 -0.00362457492142957
 0.000210721416561422	  0.00109126143772173	 0.000103685078431397	  0.00293918016883541
 -0.00136316745148696	-5.80862306904335e-05	   0.0139912950520065	 -0.00122135756988261
-0.000502920562516372	 0.000338352460095579	  -0.0139756843568239	 -0.00268967402226178
 -0.00104823390618349	 0.000135361301258044	  0.00498943547165789	  0.00033845571325057
PANDA TOP
 -0.00017221829385739	 0.000592907854035146	  0.00119713478282791	  -0.0065086381088218
-0.000330262502295894	-0.000122421464842047	 7.15959686811401e-05	  0.00167480454166227
 -0.00027750889281714	-0.000686393395466371	  0.00203354781808992	 -0.00187862859028031
 -0.00035327420886098	  0.00088927627243176	 -0.00512809028558446	 0.000170912939397487
 0.000193001951918007	-0.000634876873739484	  0.00445764239700107	 -0.00166259733304806
-0.000245074491538085	-0.000211800586694044	 0.000106158289427901	 -0.00356958304812369
-0.000484266782217471	 4.41563716443482e-05	   -0.015545726343456	 0.000604025866718364


iteration: 5
eval(before): 2.06791e-05
del_phi.norm(): 4.66788e-06
PANDA LEFT
  0.00047416696327951	 0.000475312848016687	 -0.00304587515399903	  0.00149146930175846
-3.74160054780103e-05	-0.000287907269983036	 -0.00812609428747218	  0.00422162546336359
-0.000154324038648889	 -0.00108835040235892	 0.000315952165760644	 -0.00304146269667737
-0.000120366961616607	 0.000712093604379825	 -0.00571034704866707	  0.00176047755066591
-0.000589657369386371	-0.000328606669370885	  0.00940680454356159	  0.00123934797434815
-0.000439655158633908	-0.000295302550861157	  -0.0156588968820213	 -0.00528458078276823
 -0.00059157919233324	 6.23886101148964e-05	   0.0291417839036868	  0.00112757396822662
PANDA RIGHT
 -0.00153183974265282	-0.000767104293815147	 -0.00374571586412578	 -0.00184280196979198
 0.000164271341101924	-0.000212905876702006	 -0.00418895982159992	  0.00291272853136214
-2.09769640293728e-05	 -0.00101491302814738	  0.00210322922441204	 -0.00362425197585673
 0.000210533662718787	  0.00109170186689188	  0.00010421969582619	  0.00294016068168109
 -0.00136293738693504	-5.82649944445734e-05	   0.0139923690423937	 -0.00122111019157773
-0.000502944371602963	 0.000338561185147393	  -0.0139751753062732	 -0.00268996907020618
 -0.00104840948929186	 0.000135367784089039	  0.00499000168356789	 0.000337356362017416
PANDA TOP
 -0.00017228357437444	 0.000593042476777276	  0.00119732762255712	 -0.00650938408599788
-0.000330258919989511	-0.000122244875885035	 7.16150561541762e-05	   0.0016754296149164
-0.000277335448155544	-0.000686629415731215	  0.00203317728361704	 -0.00187830727379917
-0.000353072721599118	 0.000889061293868611	 -0.00512758792846635	 0.000171175029213617
 0.000193223773584376	-0.000634847616069167	  0.00445767777338538	 -0.00166164631352696
-0.000245129652355383	-0.000212018077428987	 0.000104901021914007	 -0.00357041466702125
-0.000484269589087035	 4.41555805922885e-05	  -0.0155454767429307	 0.000604167594940322


iteration: 6
eval(before): 2.06778e-05
del_phi.norm(): 4.64351e-06
PANDA LEFT
 0.000474135629356671	 0.000474607522830742	 -0.00304562474867337	  0.00149189755779476
-3.74638453271763e-05	-0.000287891689302052	 -0.00812623866071161	   0.0042221676570395
-0.000154328292733273	 -0.00108801094975856	 0.000315686035148108	 -0.00304096373079019
 -0.00012061674125353	 0.000712012988605563	  -0.0057101568584191	   0.0017597464463749
-0.000589627875164787	-0.000328781065324979	  0.00940793876119341	   0.0012395142225216
-0.000440181833821885	-0.000295440261616125	  -0.0156575441454351	 -0.00528381646070933
-0.000591737437585634	 6.23885406515737e-05	   0.0291410481629013	  0.00112717141576807
PANDA RIGHT
 -0.00153195796482778	-0.000766618988498881	  -0.0037460562621108	 -0.00184360816047697
 0.000164297464476183	-0.000212904589870449	 -0.00418999706812247	  0.00291189621913286
-2.05354269938194e-05	 -0.00101542888862772	  0.00210446769329024	  -0.0036239310917305
  0.00021034578143866	  0.00109214058692658	 0.000104752667482753	  0.00294113676365915
 -0.00136271012719392	-5.84437632631119e-05	   0.0139934323837964	  -0.0012208617062177
-0.000502972726835112	 0.000338770328805088	  -0.0139746684003576	 -0.00269026563151484
  -0.0010485851560447	 0.000135374261497772	  0.00499056427261677	  0.00033626246371585
PANDA TOP
-0.000172348355762172	 0.000593171090217811	  0.00119752115020694	 -0.00651012637230163
-0.000330255432000545	-0.000122068084483056	 7.16293429399147e-05	  0.00167605131562888
-0.000277162036712943	  -0.0006868656205143	  0.00203281295422894	 -0.00187798842764915
-0.000352871077495739	 0.000888847072792561	 -0.00512708684976631	 0.000171435135316663
 0.000193446331297142	-0.000634818254881132	  0.00445771330737244	 -0.00166069788010791
-0.000245184987938285	-0.000212234478576373	 0.000103646981892887	 -0.00357123747325282
-0.000484272224136463	 4.41547936823341e-05	  -0.0155452285433641	 0.000604308584860408


iteration: 7
eval(before): 2.06766e-05
del_phi.norm(): 4.61939e-06
PANDA LEFT
 0.000474104984897211	 0.000473902884036669	 -0.00304537746997261	   0.0014923246576837
 -3.7513073727882e-05	-0.000287876084093543	 -0.00812638023267725	  0.00422270988025064
-0.000154333303467846	 -0.00108767233961798	 0.000315420662730146	 -0.00304047259476756
-0.000120866428422561	 0.000711932502833988	 -0.00570996921592413	  0.00175901789058738
-0.000589597595307114	-0.000328955019320921	  0.00940906775714303	  0.00123967646275051
-0.000440704401145962	 -0.00029557721218887	  -0.0156561979588005	 -0.00528305548216441
 -0.00059189553113319	 6.23884712790579e-05	   0.0291403170946099	  0.00112676949084122
PANDA RIGHT
 -0.00153207603921936	-0.000766131909365687	 -0.00374639584920414	 -0.00184441068645843
  0.00016432330106833	-0.000212904362561052	 -0.00419102425182864	  0.00291106950475689
-2.00966596732207e-05	 -0.00101594057200168	  0.00210569978905691	 -0.00362361242434219
 0.000210157891073925	  0.00109257755184112	 0.000105283852369696	  0.00294210846289677
 -0.00136248534684494	 -5.8622431804228e-05	   0.0139944852357843	  -0.0012206120921434
-0.000503005334688556	 0.000338979720289746	  -0.0139741636778963	 -0.00269056366318976
 -0.00104876082366759	 0.000135380733671441	  0.00499112338331989	 0.000335174007356342
PANDA TOP
-0.000172412580964121	 0.000593294029386692	   0.0011977153268134	 -0.00651086504757401
-0.000330251970042256	-0.000121891098746029	 7.16389976202225e-05	  0.00167666962948911
-0.000276988597927124	-0.000687101876076953	  0.00203245472033604	 -0.00187767204349639
 -0.00035266921708869	 0.000888633582664559	 -0.00512658701291366	 0.000171693235154968
 0.000193669482787477	-0.000634788719830812	  0.00445774895976637	 -0.00165975203999273
-0.000245240544925084	-0.000212449834666202	 0.000102396179931395	 -0.00357205159672788
-0.000484274621880423	 4.41540108128085e-05	  -0.0155449817468299	  0.00060444881318815


iteration: 8
eval(before): 2.06753e-05
del_phi.norm(): 4.59551e-06
PANDA LEFT
  0.00047407508644642	 0.000473199156881561	 -0.00304513329119653	  0.00149275064548225
-3.75637248535217e-05	-0.000287860538781013	 -0.00812651910174048	  0.00422325213020172
 -0.00015433911198302	 -0.00108733454031303	 0.000315156008807881	 -0.00303998919583921
-0.000121115916947991	  0.00071185222422814	 -0.00570978409603455	  0.00175829188041175
-0.000589566625118195	-0.000329128421492814	  0.00941019157589499	   0.0012398347481205
 -0.00044122307662147	-0.000295713347522414	  -0.0156548582469208	 -0.00528229789322395
-0.000592053368784328	  6.2388401987338e-05	   0.0291395905819891	  0.00112636822656645
PANDA RIGHT
 -0.00153219397271201	-0.000765643351727137	 -0.00374673453798112	 -0.00184520965511321
 0.000164348725908291	-0.000212905091433607	 -0.00419204148817271	  0.00291024824563298
-1.96607002890613e-05	 -0.00101644832371513	   0.0021069255350972	  -0.0036232960866912
 0.000209970083771156	  0.00109301273147111	 0.000105813148426654	  0.00294307583009781
 -0.00136226276548535	-5.88009195207251e-05	   0.0139955277600031	 -0.00122036133847431
-0.000503041930551881	 0.000339189220608452	  -0.0139736611547059	 -0.00269086311481373
 -0.00104893643010163	 0.000135387200773827	  0.00499167916326754	 0.000334090989606189
PANDA TOP
-0.000172476211097323	 0.000593411597329994	  0.00119791011092245	 -0.00651160016916905
-0.000330248484477954	-0.000121713923319218	  7.1644170579856e-05	  0.00167728455156976
-0.000276815091143888	-0.000687338078597898	  0.00203210247818365	 -0.00187735810477622
-0.000352467100432869	 0.000888420810223169	 -0.00512608838324151	 0.000171949321778863
 0.000193893114707266	-0.000634758961084591	  0.00445778470784463	 -0.00165880879958703
-0.000245296357331135	-0.000212664176314758	 0.000101148626124137	  -0.0035728571707973
-0.000484276736069774	 4.41532318906059e-05	  -0.0155447363628203	 0.000604588271773876


iteration: 9
eval(before): 2.06741e-05
del_phi.norm(): 4.57188e-06
PANDA LEFT
 0.000474045975028496	 0.000472496538206261	 -0.00304489217945926	  0.00149317555006423
 -3.7615822587296e-05	-0.000287845120864633	 -0.00812665535291314	  0.00422379440634114
-0.000154345748211348	 -0.00108699752652942	 0.000314892039498231	 -0.00303951344287396
-0.000121365123285344	 0.000711772216562541	 -0.00570960148125555	  0.00175756840426754
 -0.00058953504254477	-0.000329301185969633	  0.00941131025283772	  0.00123998913002536
-0.000441738042430028	-0.000295848623331053	  -0.0156535249421396	 -0.00528154372860511
-0.000592210868371952	 6.23883327698248e-05	   0.0291388685213313	  0.00112596764687496
PANDA RIGHT
 -0.00153231177832958	-0.000765153578162599	 -0.00374707226103096	 -0.00184600514793647
 0.000164373634948917	-0.000212906692486982	  -0.0041930488910678	  0.00290943232609596
-1.92275740778512e-05	 -0.00101695235799815	  0.00210814496348239	 -0.00362298216182356
   0.0002097824313966	  0.00109344610792258	  0.00010634048108431	  0.00294403891505344
 -0.00136204214034104	-5.89791648680033e-05	   0.0139965601152674	 -0.00122010944365801
-0.000503082274924383	 0.000339398716346291	   -0.013973160830839	 -0.00269116393812782
 -0.00104911192904962	 0.000135393662947441	  0.00499223174773586	 0.000333013410062137
PANDA TOP
-0.000172539220796483	 0.000593524069279099	  0.00119810545843959	 -0.00651233177959828
-0.000330244939540881	-0.000121536560492553	 7.16449985957064e-05	  0.00167789608229103
-0.000276641490254034	-0.000687574146950462	  0.00203175612795323	 -0.00187704658976759
-0.000352264702147043	 0.000888208751291636	 -0.00512559092779526	 0.000172203398832293
 0.000194117135729341	-0.000634728944184605	  0.00445782053921062	 -0.00165786816351526
-0.000245352449891158	-0.000212877524267266	 9.99043303970398e-05	 -0.00357365432943739
-0.000484278534854666	 4.41524568299963e-05	  -0.0155444924030713	 0.000604726961840297


iteration: 10
eval(before): 2.06728e-05
del_phi.norm(): 4.54847e-06
PANDA LEFT
 0.000474017679681706	 0.000471795200668284	 -0.00304465409703527	    0.001493599389083
-3.76693822937544e-05	-0.000287829884413015	 -0.00812678906114719	  0.00422433670940975
-0.000154353232821878	 -0.00108666127789498	 0.000314628724777475	  -0.0030390452465719
-0.000121613981805606	 0.000711692532537447	 -0.00570942135972829	  0.00175684744555045
-0.000589502911795023	-0.000329473245935022	  0.00941242381804344	  0.00124013965825346
-0.000442249453508237	-0.000295983004219218	  -0.0156521979827284	 -0.00528079301284904
-0.000592367965238572	 6.23882636226948e-05	   0.0291381508226401	  0.00112556776974744
PANDA RIGHT
 -0.00153242947243263	-0.000764662823073122	 -0.00374740896584741	  -0.0018467972278111
 0.000164397941653891	-0.000212909096691668	 -0.00419404657403419	  0.00290862164919965
-1.87972958363308e-05	 -0.00101745286228408	  0.00210935811180092	  -0.0036226707107934
 0.000209594990269542	  0.00109387767269638	 0.000106865795705811	  0.00294499776425139
 -0.00136182326031465	-5.91571206922594e-05	   0.0139975824553952	 -0.00121985641292586
-0.000503126150312382	 0.000339608114649107	  -0.0139726626955086	 -0.00269146608878327
 -0.00104928728603122	 0.000135400120319039	  0.00499278125685296	 0.000331941268425615
PANDA TOP
-0.000172601594637574	 0.000593631696175315	  0.00119830132391806	 -0.00651305991168813
-0.000330241309652951	-0.000121359010987511	  7.1641607956685e-05	   0.0016785042257865
-0.000276467779625635	-0.000687810017085834	  0.00203141557202414	 -0.00187673747369903
-0.000352062007583585	 0.000887997407544919	 -0.00512509461490919	  0.00017245547601666
 0.000194341471190065	-0.000634698646099385	  0.00445785644769286	 -0.00165693013483591
-0.000245408840617015	-0.000213089892527145	 9.86633027224525e-05	 -0.00357444320458859
-0.000484279997073039	 4.41516855517032e-05	  -0.0155442498802708	 0.000604864890365005


iteration: 11
eval(before): 2.06716e-05
del_phi.norm(): 4.52529e-06
PANDA LEFT
 0.000473990220170479	 0.000471095296294424	 -0.00304441900329741	  0.00149402217202479
-3.77244122161455e-05	-0.000287814872784093	 -0.00812692029442012	  0.00422487904154987
-0.000154361578771035	 -0.00108632577785203	 0.000314366038205434	 -0.00303858451920874
-0.000121862441130145	 0.000711613215606875	 -0.00570924372389602	  0.00175612898498964
-0.000589470286136257	 -0.00032964454979458	  0.00941353229858304	  0.00124028638091435
-0.000442757442652574	-0.000296116462195275	  -0.0156508773115081	 -0.00528004576157621
-0.000592524608724072	 6.23881945444841e-05	   0.0291374374081644	  0.00112516860941235
PANDA RIGHT
 -0.00153254707295134	-0.000764171296526457	 -0.00374774461079675	 -0.00184758594386927
 0.000164421574209042	-0.000212912246766272	 -0.00419503465038438	  0.00290781613225565
-1.83698719557866e-05	   -0.001017950000981	  0.00211056502207571	 -0.00362236177794763
 0.000209407804596332	  0.00109430742453484	 0.000107389051776926	   0.0029459524205113
 -0.00136160594110444	-5.93347509161408e-05	   0.0139985949284163	 -0.00121960225624348
-0.000503173358590696	 0.000339817339353706	  -0.0139721667307191	 -0.00269176952684554
 -0.00104946247555365	   0.0001354065730002	  0.00499332779594429	 0.000330874563056945
PANDA TOP
-0.000172663324529865	 0.000593734707479176	  0.00119849766102658	 -0.00651378459160833
-0.000330237576773907	 -0.00012118127457586	  7.1634117184689e-05	  0.00167910898789413
-0.000276293951166986	-0.000688045637947989	  0.00203108071452923	 -0.00187643072987287
 -0.00035185901002899	 0.000887786784322985	 -0.00512459941410325	 0.000172705567413838
 0.000194566059229158	-0.000634668052323618	  0.00445789243112766	 -0.00165599471473964
-0.000245465542600178	-0.000213301290503963	 9.74255530729778e-05	 -0.00357522392632151
-0.000484281109522983	 4.41509179822015e-05	  -0.0155440088070766	  0.00060500206783632


iteration: 12
eval(before): 2.06704e-05
del_phi.norm(): 4.50233e-06
PANDA LEFT
 0.000473963609090867	 0.000470396959380192	 -0.00304418685546234	  0.00149444390276625
-3.77809146772058e-05	-0.000287800120782428	 -0.00812704911536391	  0.00422542140526534
-0.000154370792592628	 -0.00108599101283645	 0.000314103956012627	 -0.00303813117498844
-0.000122110461243773	  0.00071153430152239	 -0.00570906856929571	  0.00175541300185592
-0.000589437210089021	-0.000329815058124882	  0.00941463571996726	  0.00124042934515381
-0.000443262124705925	-0.000296248975422295	  -0.0156495628748848	 -0.00527930198365145
-0.000592680759371264	 6.23881255355103e-05	   0.0291367282102618	  0.00112477017778698
PANDA RIGHT
 -0.00153266459810499	-0.000763679187342902	 -0.00374807916357175	 -0.00184837133550626
 0.000164444473198835	-0.000212916094648501	 -0.00419601323350281	  0.00290701570362703
-1.79453020794421e-05	 -0.00101844391864254	   0.0021117657384023	 -0.00362205539502239
 0.000209220909193378	  0.00109473536768349	 0.000107910220038845	  0.00294690292327884
 -0.00136139002122879	-5.95120279260604e-05	    0.013999597676396	 -0.00121934698714771
-0.000503223718795352	 0.000340026327853326	  -0.0139716729136622	 -0.00269207421598915
 -0.00104963747890481	 0.000135413021091321	  0.00499387145768832	 0.000329813290441275
PANDA TOP
 -0.00017272440772359	 0.000593833313669892	  0.00119869442331976	 -0.00651450584138045
-0.000330233728381692	-0.000121003350521115	 7.16226386263471e-05	  0.00167971037601543
-0.000276120002102402	-0.000688280968367591	     0.00203075146161	 -0.00187612633074433
-0.000351655708571229	 0.000887576889017114	 -0.00512410529603023	 0.000172953689353377
 0.000194790847805246	-0.000634637154659756	  0.00445792848953631	 -0.00165506190385746
-0.000245522565375383	-0.000213511724613583	 9.61910913388223e-05	 -0.00357599662238348
 -0.00048428186487954	 4.41501540522185e-05	  -0.0155437691958164	 0.000605138506705485


iteration: 13
eval(before): 2.06692e-05
del_phi.norm(): 4.47958e-06
PANDA LEFT
 0.000473937853472184	 0.000469700308885567	 -0.00304395760845855	  0.00149486458061971
 -3.7838887119998e-05	-0.000287785656352001	 -0.00812717558300795	  0.00422596380352272
  -0.0001543808755379	 -0.00108565697169983	  0.00031384245689809	 -0.00303768513021787
-0.000122358011214273	 0.000711455819660487	  -0.0057088958935304	  0.00175469947519785
-0.000589403721091426	-0.000329984741259957	  0.00941573410724271	  0.00124056859660954
-0.000443763599697526	-0.000296380527127089	  -0.0156482546218695	 -0.00527856168231524
 -0.00059283638672881	  6.2388056597553e-05	   0.0291360231702942	  0.00112437248543161
PANDA RIGHT
 -0.00153278206552624	-0.000763186665817886	 -0.00374841259910344	 -0.00184915343486016
 0.000164466589671508	-0.000212920599498546	 -0.00419698243647936	  0.00290622029960201
-1.75235804673943e-05	 -0.00101893474264794	  0.00211296030672646	 -0.00362175158428832
 0.000209034331612131	  0.00109516151049122	 0.000108429279227759	  0.00294784930853235
 -0.00136117535865909	-5.96889305391438e-05	   0.0140005908356161	 -0.00121909062101596
-0.000503277065224293	   0.0003402350285418	  -0.0139711812186423	 -0.00269238012279286
 -0.00104981228242807	 0.000135419464682676	  0.00499441232357731	 0.000328757444749262
PANDA TOP
-0.000172784845329257	 0.000593927708215951	  0.00119889156476075	 -0.00651522368043467
-0.000330229755965942	-0.000120825237887942	 7.16072797496444e-05	  0.00168030839845927
-0.000275945933342199	 -0.00068851597469702	  0.00203042772133891	  -0.0018758242481872
-0.000351452106490457	 0.000887367729928623	 -0.00512361223258153	 0.000173199859532408
 0.000195015792449997	-0.000634605949555529	  0.00445796462415375	 -0.00165413170203873
-0.000245579915903393	-0.000213721199444478	 9.49599271942867e-05	 -0.00357676141815697
 -0.00048428226013329	 4.41493936973987e-05	  -0.0155435310582908	 0.000605274220438732


iteration: 14
eval(before): 2.0668e-05
del_phi.norm(): 4.45705e-06
PANDA LEFT
 0.000473912956041911	 0.000469005450491206	 -0.00304373121626963	  0.00149528420186384
-3.78983229294815e-05	-0.000287771501921962	 -0.00812729975317538	  0.00422650623926457
 -0.00015439182447208	 -0.00108532364521762	 0.000313581521554353	 -0.00303724630300336
-0.000122605067403063	 0.000711377794071685	 -0.00570872569553187	  0.00175398838433064
-0.000589369850866738	-0.000330153577376535	   0.0094168274853471	  0.00124070417946377
  -0.0004442619555547	 -0.00029651110475029	  -0.0156469525036492	 -0.00527782485650913
-0.000592991467592643	 6.23879877337027e-05	   0.0291353222364947	  0.00112397554230962
PANDA RIGHT
 -0.00153289949179844	-0.000762693885900817	  -0.0037487448980775	  -0.0018499322685095
 0.000164487883523398	-0.000212925726233751	 -0.00419794237186742	   0.0029054298626966
-1.71046970722623e-05	 -0.00101942258548427	  0.00211414877341781	 -0.00362145036015738
 0.000208848093691189	  0.00109558586436051	 0.000108946214221421	  0.00294879160888268
 -0.00136096182807499	-5.98654425491271e-05	   0.0140015745370625	 -0.00121883317480857
-0.000503333245776747	 0.000340443398824428	  -0.0139706916180743	 -0.00269268721716947
 -0.00104998687631025	 0.000135425903856168	  0.00499495046568536	 0.000327707018065794
PANDA TOP
-0.000172844641229339	  0.00059401806945865	  0.00119908903986292	 -0.00651593812650838
 -0.00033022565394757	-0.000120646935789561	 7.15881439391583e-05	  0.00168090306400679
-0.000275771748328005	-0.000688750629077837	  0.00203010940372598	 -0.00187552445405613
-0.000351248210080295	 0.000887159315542421	 -0.00512312019658066	 0.000173444096265474
 0.000195240854647263	-0.000634574436874538	  0.00445800083682419	 -0.00165320410885204
-0.000245637599313181	-0.000213929718508227	 9.37320700409837e-05	 -0.00357751843645545
-0.000484282295439896	 4.41486368568013e-05	  -0.0155432944057177	 0.000605409222983579


iteration: 15
eval(before): 2.06669e-05
del_phi.norm(): 4.43472e-06
PANDA LEFT
 0.000473888916183876	 0.000468312478294003	 -0.00304350763163314	  0.00149570276039296
-3.79592121766851e-05	 -0.00028775767548365	 -0.00812742167976076	  0.00422704871537972
 -0.00015440363267675	 -0.00108499102573987	 0.000313321132586386	 -0.00303681461341105
-0.000122851612012084	 0.000711300244414821	 -0.00570855797501247	  0.00175327970911033
-0.000589335626428967	-0.000330321550972219	  0.00941791587978882	  0.00124083613669884
-0.000444757270066949	-0.000296640699180676	  -0.0156456564729037	  -0.0052770915020697
-0.000593145984612222	 6.23879189480547e-05	   0.0291346253630947	  0.00112357935802599
PANDA RIGHT
  -0.0015330168921013	-0.000762200987157711	 -0.00374907604622159	 -0.00185070785900495
 0.000164508322132847	-0.000212931444294663	 -0.00419889315169456	   0.0029046443403559
-1.66886384572786e-05	 -0.00101990754675329	  0.00211533118521928	 -0.00362115173146496
 0.000208662212849566	  0.00109600844287433	 0.000109461014542656	  0.00294972985468235
 -0.00136074931851746	-6.00415515127328e-05	   0.0140025489068544	 -0.00121857466630196
-0.000503392120543466	  0.00034065140343552	  -0.0139702040835453	 -0.00269299547044822
 -0.00105016125356397	 0.000135432338685684	  0.00499548594780909	 0.000326662000538184
PANDA TOP
-0.000172903801252528	  0.00059410456212259	  0.00119928680411916	 -0.00651664919633375
-0.000330221418844409	-0.000120468443528786	 7.15653312048337e-05	  0.00168149438199225
-0.000275597452146194	-0.000688984908119464	  0.00202979642039997	 -0.00187522692007496
-0.000351044027751932	 0.000886951653968166	 -0.00512262916203465	 0.000173686418262485
 0.000195466000548861	-0.000634542618954695	  0.00445803712944391	 -0.00165227912356959
-0.000245695619385001	-0.000214137284837178	 9.25075288802266e-05	 -0.00357826779784332
-0.000484281973237857	  4.4147883472986e-05	  -0.0155430592481034	 0.000605543528378907


iteration: 16
eval(before): 2.06657e-05
del_phi.norm(): 4.41259e-06
PANDA LEFT
 0.000473865730704066	 0.000467621476241615	 -0.00304328680682531	  0.00149612024858227
-3.80215421960446e-05	-0.000287744191443042	 -0.00812754141443187	  0.00422759123461582
-0.000154416290479948	 -0.00108465910691025	 0.000313061273917591	 -0.00303638998344075
-0.000123097631963883	 0.000711223186680494	 -0.00570839273231221	  0.00175257343022888
-0.000589301070935546	-0.000330488651636313	  0.00941899931647159	  0.00124096451024292
 -0.00044524961269502	-0.000296769304164424	  -0.0156443664835688	 -0.00527636161173004
-0.000593299925169857	  6.2387850245316e-05	   0.0291339325092032	  0.00112318394216438
PANDA RIGHT
 -0.00153313428010187	-0.000761708096375783	 -0.00374940603267754	 -0.00185148022587971
 0.000164527879244296	-0.000212937726775235	 -0.00419983488703729	  0.00290386368344633
-1.62753885042704e-05	 -0.00102038971481124	  0.00211650758914349	 -0.00362085570249317
 0.000208476702991306	  0.00109642926115191	 0.000109973673487772	  0.00295066407387813
 -0.00136053773145499	-6.02172479104099e-05	   0.0140035140669483	 -0.00121831511390065
-0.000503453560554199	 0.000340859013146664	  -0.0139697185862513	 -0.00269330485644653
 -0.00105033540933876	 0.000135438769238601	  0.00499601882685057	 0.000325622380653101
PANDA TOP
-0.000172962332575454	 0.000594187338635505	   0.0011994848135781	 -0.00651735690609152
-0.000330217048684699	-0.000120289760721288	 7.15389388875072e-05	  0.00168208236225748
 -0.00027542305092456	-0.000689218791901365	  0.00202948868531798	 -0.00187493161824793
-0.000350839569370234	 0.000886744752654956	  -0.0051221391041181	 0.000173926843899013
 0.000195691200041126	-0.000634510499917812	  0.00445807350393482	 -0.00165135674540355
-0.000245753978978713	-0.000214343901332366	 9.12863122583872e-05	 -0.00357900961988063
-0.000484281297604675	 4.41471334913964e-05	  -0.0155428255949186	 0.000605677150409408


iteration: 17
eval(before): 2.06646e-05
del_phi.norm(): 4.39067e-06
PANDA LEFT
 0.000473843394406373	 0.000466932519368052	 -0.00304306869360189	  0.00149653665771411
-3.80852981362203e-05	-0.000287731061309544	 -0.00812765900763156	  0.00422813379931294
-0.000154429785840645	 -0.00108432788349272	 0.000312801931050714	 -0.00303597233712535
-0.000123343117972226	 0.000711146633863723	 -0.00570822996772189	  0.00175186952925892
-0.000589266204316737	-0.000330654873069827	  0.00942007782185042	  0.00124108934088586
-0.000445739045841016	-0.000296896915752866	  -0.0156430824904312	 -0.00527563517609212
-0.000593453280480343	 6.23877816310713e-05	   0.0291332436378112	  0.00112278930440597
PANDA RIGHT
 -0.00153325166782799	-0.000761215329015707	 -0.00374973485011811	 -0.00185224938642752
 0.000164546533989124	-0.000212944549639188	 -0.00420076768833602	  0.00290308784647692
-1.58649290365471e-05	   -0.001020869168237	  0.00211767803193299	 -0.00362056227387812
 0.000208291575340625	  0.00109684833528901	 0.000110484187144267	  0.00295159429264299
 -0.00136032697909902	-6.03925243744352e-05	   0.0140044701352767	 -0.00121805453609725
-0.000503517446695985	 0.000341066203636192	  -0.0139692350974499	 -0.00269361535011341
 -0.00105050934029257	 0.000135445195577265	  0.00499654915390904	 0.000324588145268021
PANDA TOP
-0.000173020243257097	 0.000594266540366006	  0.00119968302570239	 -0.00651806127185006
-0.000330212542538467	-0.000120110887343046	 7.15090616237362e-05	  0.00168266701494079
-0.000275248551358547	 -0.00068945226320028	  0.00202918611410091	 -0.00187463852070335
-0.000350634845756449	 0.000886538618137646	  -0.0051216499990648	 0.000174165391421475
 0.000195916425986475	-0.000634478085133991	  0.00445810996198673	 -0.00165043697358967
-0.000245812680256481	-0.000214549571055931	 9.00684281645546e-05	 -0.00357974401801564
-0.000484280273754972	 4.41463868603171e-05	  -0.0155425934547384	 0.000605810102639655


iteration: 18
eval(before): 2.06634e-05
del_phi.norm(): 4.36894e-06
PANDA LEFT
 0.000473821900561563	 0.000466245674853106	  -0.0030428532433847	  0.00149695197804669
-3.81504633520287e-05	-0.000287718294241863	 -0.00812777450834697	  0.00422867641143346
-0.000154444104780617	 -0.00108399735118829	 0.000312543090536697	 -0.00303556160025385
-0.000123588063818346	 0.000711070596459732	 -0.00570806968145699	  0.00175116798850427
-0.000589231043822768	 -0.00033082021229162	  0.00942115142317677	  0.00124121066874979
-0.000446225625985439	-0.000297023531902106	  -0.0156418044489657	 -0.00527491218418495
-0.000593606044865146	 6.23877131113083e-05	   0.0291325587151329	  0.00112239545456595
PANDA RIGHT
   -0.001533369065763	-0.000760722790394745	 -0.00375006249323207	 -0.00185301535611863
 0.000164564270089078	-0.000212951891211388	 -0.00420169166451201	  0.00290231678574836
  -1.545724027637e-05	 -0.00102134597704638	  0.00211884256032023	  -0.0036202714432362
 0.000208106838956772	  0.00109726568198642	 0.000110992553503389	  0.00295252053531646
 -0.00136011698302189	-6.05673752511373e-05	   0.0140054172266162	 -0.00121779295185563
-0.000503583668742056	 0.000341272954652337	  -0.0139687535887245	 -0.00269392692785089
   -0.001050683044231	 0.000135451617759718	   0.0049970769749625	 0.000323559280093818
PANDA TOP
-0.000173077541929647	 0.000594342298629469	  0.00119988139913451	 -0.00651876230948629
-0.000330207900223779	-0.000119931823786742	 7.14757918726048e-05	  0.00168324835026738
-0.000275073960424092	-0.000689685306948412	   0.0020288886244494	 -0.00187434759982665
 -0.00035042986834188	 0.000886333255975569	 -0.00512116182428142	 0.000174402078583557
 0.000196141653728132	-0.000634445380852857	  0.00445814650500377	 -0.00164951980736288
-0.000245871724914106	-0.000214754297345266	 8.88538840416042e-05	 -0.00358047110501434
-0.000484278907698191	 4.41456435303666e-05	  -0.0155423628351041	 0.000605942398235697


iteration: 19
eval(before): 2.06623e-05
del_phi.norm(): 4.3474e-06
PANDA LEFT
  0.00047380124126291	 0.000465561002908994	 -0.00304264040808007	  0.00149736619952605
-3.82170197722952e-05	-0.000287705897495278	 -0.00812788796449663	  0.00422921907267026
-0.000154459231779142	 -0.00108366750649618	 0.000312284739847861	 -0.00303515770029429
-0.000123832465755721	 0.000710995082915968	 -0.00570791187357721	   0.0017504687913577
-0.000589195604434028	-0.000330984668998102	  0.00942222014821444	  0.00124132853305336
-0.000446709404599714	-0.000297149152108699	  -0.0156405323151799	 -0.00527419262358875
-0.000593758215167913	 6.23876446923262e-05	   0.0291318777099189	  0.00112200240263922
PANDA RIGHT
 -0.00153348648289604	-0.000760230576800512	 -0.00375038895919183	 -0.00185377814913531
 0.000164581075166121	 -0.00021295973171622	 -0.00420260692347648	   0.0029015504598877
-1.50523012496006e-05	 -0.00102182020381436	  0.00212000122029996	  -0.0036199832060187
 0.000207922501192265	  0.00109768131821907	 0.000111498772598946	   0.0029534428250709
 -0.00135990767296254	-6.07417961707448e-05	   0.0140063554523623	 -0.00121753037961187
-0.000503652124504444	 0.000341479249274053	  -0.0139682740321946	 -0.00269423956680595
 -0.00105085651977536	 0.000135458035838729	  0.00499760233194018	 0.000322535769570839
PANDA TOP
-0.000173134237556404	 0.000594414735642978	  0.00120007989296628	 -0.00651946003522745
-0.000330203122068975	-0.000119752570877608	 7.14392200718247e-05	  0.00168382637910306
-0.000274899285156011	-0.000689917909812532	  0.00202859613592648	 -0.00187405882835686
-0.000350224648881402	 0.000886128670720787	 -0.00512067455817214	 0.000174636923047065
 0.000196366860657379	  -0.0006344123939087	  0.00445818313398946	 -0.00164860524638023
-0.000245931114294138	-0.000214958083909678	 8.76426867109512e-05	 -0.00358119099159788
-0.000484277205966429	 4.41449034546892e-05	  -0.0155421337426293	 0.000606074049957728


iteration: 20
eval(before): 2.06612e-05
del_phi.norm(): 4.32605e-06
PANDA LEFT
 0.000473781407713301	 0.000464878557577395	 -0.00304243013942006	  0.00149777931169894
 -3.8284948197828e-05	 -0.00028769387678066	 -0.00812799942267832	  0.00422976178418651
-0.000154475150084429	 -0.00108333834661179	  0.00031202686731841	 -0.00303476056646232
-0.000124076322043665	 0.000710920099975131	 -0.00570775654368837	  0.00174977192187641
-0.000589159899210967	 -0.00033114824504599	  0.00942328402510897	  0.00124144297223094
-0.000447190428922388	-0.000297273777122054	  -0.0156392660454926	 -0.00527347648071437
-0.000593909790275626	 6.23875763806748e-05	   0.0291312005930855	  0.00112161015886512
PANDA RIGHT
 -0.00153360392684856	-0.000759738776368425	 -0.00375071424718246	 -0.00185453777864084
 0.000164596940159181	-0.000212968052965235	 -0.00420351357160764	  0.00290078882932545
-1.46500900998543e-05	 -0.00102229190459163	  0.00212115405793767	 -0.00361969755573992
 0.000207738568033753	  0.00109809526102192	 0.000112002845517246	  0.00295436118395169
  -0.0013596989857881	-6.09157837771494e-05	   0.0140072849212638	 -0.00121726683823541
-0.000503722719050555	 0.000341685073343391	   -0.013967796400532	 -0.00269455324547854
 -0.00105102976614417	 0.000135464449863229	  0.00499812526287233	 0.000321517597395002
PANDA TOP
-0.000173190339266798	 0.000594483965370325	  0.00120027846830998	 -0.00652015446501509
-0.000330198208751732	-0.000119573129884366	  7.1399434664195e-05	  0.00168440111255599
-0.000274724532521263	-0.000690150059873925	   0.0020283085700508	 -0.00187377217912078
-0.000350019199291162	 0.000885924865935911	 -0.00512018818001066	   0.0001748699417609
 0.000196592025908636	-0.000634379131521102	  0.00445821984960855	 -0.00164769329022687
-0.000245990849478142	-0.000215160934852579	 8.64348424033724e-05	 -0.00358190378573663
-0.000484275175426903	 4.41441665881144e-05	  -0.0155419061831005	   0.0006062050701846


iteration: 21
eval(before): 2.06601e-05
del_phi.norm(): 4.30488e-06
PANDA LEFT
 0.000473762390446339	 0.000464198387402684	 -0.00304222238948679	  0.00149819130403889
-3.83542285747116e-05	-0.000287682236560069	 -0.00812810892878649	  0.00423030454689648
-0.000154491842015964	 -0.00108300986937117	 0.000311769461994692	  -0.0030343701296091
-0.000124319632535926	 0.000710845653020835	 -0.00570760369089967	  0.00174907736507373
-0.000589123939572649	-0.000331310944021306	  0.00942434308267501	  0.00124155402405343
 -0.00044766874250774	-0.000297397408672396	  -0.0156380055966744	 -0.00527276374098975
-0.000594060770723669	 6.23875081830605e-05	   0.0291305273372261	  0.00112121873357548
PANDA RIGHT
 -0.00153372140391005	-0.000759247469975188	 -0.00375103835742045	 -0.00185529425692314
 0.000164611858842981	 -0.00021297683800675	 -0.00420441171422399	  0.00290003185561812
-1.42505843520406e-05	 -0.00102276112968305	  0.00212230111869489	 -0.00361941448421837
 0.000207555044435694	  0.00109850752726361	 0.000112504774878281	  0.00295527563311416
  -0.0013594908646215	-6.10893354100388e-05	   0.0140082057393521	 -0.00121700234611695
 -0.00050379536406735	 0.000341890414941625	  -0.0139673206672048	 -0.00269486794233074
 -0.00105120278291537	 0.000135470859879703	  0.00499864580285165	 0.000320504746411563
PANDA TOP
-0.000173245856207464	 0.000594550094249759	  0.00120047708654886	 -0.00652084561526101
-0.000330193161152997	 -0.00011939350250009	 7.13565224254868e-05	  0.00168497256168028
-0.000274549709275899	-0.000690381746338862	  0.00202802584987978	 -0.00187348762543485
-0.000349813531466846	 0.000885721844172317	  -0.0051197026703972	 0.000175101151346423
  0.00019681713006581	-0.000634345601109603	  0.00445825665216403	 -0.00164678393869642
-0.000246050931381802	 -0.00021536285474058	 8.52303566726446e-05	 -0.00358260959332155
-0.000484272823114505	 4.41434328877083e-05	  -0.0155416801613657	 0.000606335470812649


iteration: 22
eval(before): 2.0659e-05
del_phi.norm(): 4.2839e-06
PANDA LEFT
 0.000473744179501101	 0.000463520536050468	 -0.00304201711093713	  0.00149860216599922
-3.84248401790404e-05	 -0.00028767098027744	 -0.00812821652760624	  0.00423084736125064
-0.000154509289155416	 -0.00108268207317078	 0.000311512513615287	 -0.00303398632199389
-0.000124562398390094	 0.000710771746296773	 -0.00570745331394529	  0.00174838510662187
-0.000589087735519788	-0.000331472770898927	  0.00942539735008088	  0.00124166172578342
-0.000448144385809331	-0.000297520049293084	  -0.0156367509258433	 -0.00527205438911887
-0.000594211158389134	 6.23874401065942e-05	   0.0291298579162551	  0.00112082813723732
PANDA RIGHT
 -0.00153383891922999	-0.000758756731898278	 -0.00375136129155286	 -0.00185604759573476
 0.000164625827402393	-0.000212986070984782	 -0.00420530145503302	  0.00289927950151348
-1.38537611175466e-05	 -0.00102322792437576	  0.00212344244782929	 -0.00361913398229599
  0.00020737193446836	  0.00109891813355437	 0.000113004563789413	  0.00295618619299059
 -0.00135928325810124	-6.12624490062201e-05	    0.014009118010525	  -0.0012167369216419
-0.000503869977246102	 0.000342095264039189	  -0.0139668468062666	 -0.00269518363741444
 -0.00105137556995227	 0.000135477265931263	  0.00499916398398216	 0.000319497198764867
PANDA TOP
-0.000173300797482543	 0.000594613221840939	  0.00120067571070673	 -0.00652153350245487
-0.000330187980303201	-0.000119213690840822	 7.13105681464085e-05	  0.00168554073802022
-0.000274374821952322	-0.000690612959387117	  0.00202774790036033	 -0.00187320514070369
-0.000349607657224432	 0.000885519607082266	 -0.00511921801074554	 0.000175330567977702
 0.000197042155023997	-0.000634311810210379	  0.00445829354166797	 -0.00164587719168593
-0.000246111360786895	-0.000215563848536143	 8.40292344443642e-05	 -0.00358330851833038
-0.000484270156151772	  4.4142702312184e-05	   -0.015541455681568	 0.000606465263378538


iteration: 23
eval(before): 2.06579e-05
del_phi.norm(): 4.2631e-06
PANDA LEFT
  0.00047372676456418	 0.000462845042745731	 -0.00304181425668448	  0.00149901188709463
-3.84967618053075e-05	-0.000287660110553597	  -0.0081283222628398	  0.00423139022726725
-0.000154527472547759	 -0.00108235495690886	 0.000311256012471653	 -0.00303360907741835
-0.000124804621805466	 0.000710698383125945	 -0.00570730541111791	  0.00174769513266275
-0.000589051295835754	 -0.00033163373176302	   0.0094264468568146	  0.00124176611414797
-0.000448617396553129	-0.000297641702140697	  -0.0156355019902793	 -0.00527134840936828
-0.000594360956224165	 6.23873721583064e-05	   0.0291291923052571	  0.00112043838046943
PANDA RIGHT
 -0.00153395647689617	-0.000758266630478825	  -0.0037516830517631	  -0.0018567978064073
 0.000164638844079054	-0.000212995736932547	 -0.00420618289640799	  0.00289853173107898
-1.34595972576799e-05	 -0.00102369232952086	  0.00212457809037995	 -0.00361885603963333
 0.000207189241524476	  0.00109932709613489	 0.000113502215961191	  0.00295709288314522
 -0.00135907611971833	-6.14351229256669e-05	   0.0140100218364148	 -0.00121647058308833
-0.000503946481723008	 0.000342299612153249	    -0.01396637479258	 -0.00269550031028994
 -0.00105154812727751	 0.000135483668058687	  0.00499967983638157	 0.000318494936188468
PANDA TOP
-0.000173355172077609	  0.00059467344144697	  0.00120087430462034	 -0.00652221814324057
-0.000330182667307358	-0.000119033697420482	  7.1261655059288e-05	  0.00168610565334981
-0.000274199876809475	-0.000690843690019726	  0.00202747464828323	 -0.00187292469868043
-0.000349401588203591	 0.000885318155463722	 -0.00511873418335764	 0.000175558207406222
 0.000197267083798423	-0.000634277766375642	  0.00445833051784934	 -0.00164497304926558
-0.000246172138366197	 -0.00021576392160162	 8.28314800506534e-05	 -0.00358400066200884
-0.000484267181660567	 4.41419748217296e-05	  -0.0155412327470473	 0.000606594458998234


iteration: 24
eval(before): 2.06568e-05
del_phi.norm(): 4.24247e-06
PANDA LEFT
 0.000473710135084548	 0.000462171942819219	 -0.00304161378053554	   0.0014994204569423
-3.85699718921835e-05	-0.000287649629343636	 -0.00812842617756348	  0.00423193314470985
-0.000154546372840311	 -0.00108202851990622	 0.000310999949311603	 -0.00303323833094534
-0.000125046305800134	  0.00071062556605971	 -0.00570715998011302	  0.00174700743016338
-0.000589014628254239	-0.000331793833573409	  0.00942749163261317	  0.00124186722535242
-0.000449087810131748	-0.000297762370880302	  -0.0156342587475262	 -0.00527064578530501
 -0.00059451016804619	 6.23873043451267e-05	   0.0291285304801228	  0.00112004947390695
PANDA RIGHT
 -0.00153407408012075	-0.000757777228679276	 -0.00375200364143686	 -0.00185754489981733
 0.000164650908871268	-0.000213005821683931	 -0.00420705613945187	  0.00289778850898052
 -1.3068069506049e-05	 -0.00102415438209599	  0.00212570809047597	 -0.00361858064511448
 0.000207006968384258	  0.00109973443082012	 0.000113997735924088	  0.00295799572273056
 -0.00135886940727368	-6.16073559149371e-05	   0.0140109173167077	 -0.00121620334850122
-0.000504024805611907	 0.000342503452108286	  -0.0139659046016521	  -0.0026958179412502
 -0.00105172045505803	 0.000135490066299372	  0.00500019338811668	 0.000317497939721268
PANDA TOP
-0.000173408988841654	 0.000594730840655947	   0.0012010728334083	 -0.00652289955446916
-0.000330177223336644	 -0.00011885352514846	 7.12098647168184e-05	  0.00168666731935942
-0.000274024879849837	-0.000691073929974465	  0.00202720602187034	  -0.0018726462736077
-0.000349195335849871	 0.000885117489377159	 -0.00511825117146317	 0.000175784084982732
  0.00019749190047285	-0.000634243477137328	   0.0044583675801013	 -0.00164407151153562
-0.000246233264702952	-0.000215963079618261	 8.16370972266629e-05	 -0.00358468612380986
-0.000484263906726953	  4.4141250378123e-05	  -0.0155410113603707	 0.000606723068374384


iteration: 25
eval(before): 2.06558e-05
del_phi.norm(): 4.22202e-06
PANDA LEFT
 0.000473694280354306	 0.000461501268034101	 -0.00304141563678223	  0.00149982786551038
-3.86444486720817e-05	-0.000287639538067431	 -0.00812852831364817	  0.00423247611301654
 -0.00015456597043039	 -0.00108170276190964	 0.000310744315310247	 -0.00303287401896848
-0.000125287454059158	 0.000710553297057185	  -0.0057070170180722	  0.00174632198649376
-0.000588977739570046	-0.000331953083975836	  0.00942853170756603	  0.00124196509510571
-0.000449555659912348	-0.000297882059544998	  -0.0156330211553145	 -0.00526994650004827
-0.000594658798357757	 6.23872366742135e-05	   0.0291278724174333	  0.00111966142827026
PANDA RIGHT
 -0.00153419173126589	-0.000757288584617596	 -0.00375232306472707	 -0.00185828888683313
 0.000164662023266027	-0.000213016311709499	 -0.00420792128348062	  0.00289704980122772
-1.26791546006379e-05	 -0.00102461411563938	   0.0021268324923404	  -0.0036183077866785
 0.000206825117405237	  0.00110014015293471	 0.000114491128821953	  0.00295889473046348
 -0.00135866308235283	-6.17791469434923e-05	   0.0140118045491795	 -0.00121593523549842
-0.000504104881560174	 0.000342706777779713	   -0.013965436209743	 -0.00269613651063585
 -0.00105189255348228	 0.000135496460689643	   0.0050007046654183	 0.000316506190166413
PANDA TOP
-0.000173462256437173	 0.000594785501811633	  0.00120127126270182	 -0.00652357775317054
-0.000330171649566168	 -0.00011867317728867	 7.11552771037393e-05	  0.00168722574831614
-0.000273849836778853	-0.000691303671583905	  0.00202694195094663	 -0.00187236983979143
-0.000348988911352786	 0.000884917608153719	 -0.00511776895911841	 0.000176008215776683
 0.000197716590010717	 -0.00063420894994143	  0.00445840472749295	 -0.00164317257888868
-0.000246294740322884	 -0.00021616132861028	 8.04460890723515e-05	 -0.00358536500104307
-0.000484260338343872	 4.41405289448217e-05	  -0.0155407915232412	 0.000606851101957211


iteration: 26
eval(before): 2.06547e-05
del_phi.norm(): 4.20174e-06
PANDA LEFT
 0.000473679189586006	 0.000460833046980506	  -0.0030412197802798	  0.00150023410288347
-3.87201702646399e-05	-0.000287629837719044	 -0.00812862871247406	  0.00423301913114709
-0.000154586245578101	 -0.00108137768303881	 0.000310489101965704	 -0.00303251607914466
-0.000125528070769807	 0.000710481577591867	 -0.00570687652181107	  0.00174563878947585
-0.000588940635770626	-0.000332111491138321	  0.00942956711195419	  0.00124205975899669
-0.000450020977461856	-0.000298000772444937	  -0.0156317891717184	 -0.00526925053634419
-0.000594806852199111	 6.23871691523993e-05	   0.0291272180946029	  0.00111927425427711
PANDA RIGHT
 -0.00153430943194767	-0.000756800751963082	 -0.00375264132602157	 -0.00185902977775995
 0.000164672190028322	-0.000213027194031482	  -0.0042087784267906	  0.00289631557386619
-1.22928293554822e-05	 -0.00102507156064946	  0.00212795133957404	 -0.00361803745197751
 0.000206643690578088	  0.00110054427728578	 0.000114982399790478	   0.0029597899243717
  -0.0013584571099419	-6.19504951589253e-05	   0.0140126836297912	 -0.00121566626181847
-0.000504186646403032	 0.000342909583920696	  -0.0139649695937674	 -0.00269645599955382
 -0.00105206442273433	 0.000135502851263922	  0.00500121369298601	 0.000315519667786826
PANDA TOP
-0.000173514983320443	 0.000594837502435216	  0.00120146955955174	  -0.0065242527562702
 -0.00033016594715986	-0.000118492657433117	 7.10979705174056e-05	  0.00168778095245914
-0.000273674753008655	-0.000691532907718602	  0.00202668236698457	 -0.00187209537202454
-0.000348782325641639	 0.000884718510468454	 -0.00511728753133136	  0.00017623061453009
 0.000197941138203339	 -0.00063417419211628	  0.00445844195900174	 -0.00164227625148427
-0.000246356565700131	-0.000216358674904857	 7.92584581747524e-05	 -0.00358603738911323
-0.000484256483379895	 4.41398104862033e-05	  -0.0155405732368033	 0.000606978569740111


iteration: 27
eval(before): 2.06537e-05
del_phi.norm(): 4.18163e-06
PANDA LEFT
 0.000473664851961485	 0.000460167305362319	 -0.00304102616683212	  0.00150063915952335
-3.87971147461423e-05	-0.000287620528942455	 -0.00812872741418169	  0.00423356219802602
-0.000154607178467921	 -0.00108105328374517	 0.000310234301304942	 -0.00303216445020724
-0.000125768160529521	 0.000710410408729788	 -0.00570673848756189	   0.0017449578273694
-0.000588903322133816	-0.000332269063634078	  0.00943059787600663	  0.00124215125192568
-0.000450483792736578	-0.000298118514115362	  -0.0156305627548339	 -0.00526855787677659
-0.000594954335039139	 6.23871017865814e-05	    0.029126567489136	  0.00111888796261147
PANDA RIGHT
 -0.00153442718320363	-0.000756313780386248	 -0.00375295843047908	 -0.00185976758306361
 0.000164681413007575	-0.000213038456210097	 -0.00420962766595375	  0.00289558579413001
-1.19090707112845e-05	 -0.00102552674495611	  0.00212906467569618	 -0.00361776962804957
 0.000206462689543782	  0.00110094681817152	 0.000115471554578454	  0.00296068132226207
 -0.00135825145803321	-6.21213999006988e-05	   0.0140135546529811	 -0.00121539644472111
-0.000504270040737376	 0.000343111866043449	  -0.0139645047312335	 -0.00269677638893552
   -0.001052236063025	 0.000135509238054804	  0.00500172049437023	 0.000314538352746564
PANDA TOP
-0.000173567177765222	 0.000594886915669298	   0.0012016676918834	 -0.00652492458114708
-0.000330160117294718	-0.000118311969499464	 7.10380218616898e-05	  0.00168833294406399
-0.000273499633716329	-0.000691761631763593	  0.00202642720263524	 -0.00187182284524721
-0.000348575589379221	 0.000884520194475159	 -0.00511680687375252	 0.000176451295573097
 0.000198165531650775	-0.000634139210882538	  0.00445847927313593	 -0.00164138252967992
 -0.00024641874125168	-0.000216555125043939	 7.80742064947873e-05	 -0.00358670338163937
-0.000484252348594114	 4.41390949681015e-05	  -0.0155403565018227	 0.000607105481486104


iteration: 28
eval(before): 2.06527e-05
del_phi.norm(): 4.16168e-06
PANDA LEFT
  0.00047365125668542	 0.000459504066278486	  -0.0030408347529438	  0.00150104302615571
-3.88752602285339e-05	 -0.00028761161211606	  -0.0081288244582717	  0.00423410531221633
-0.000154628749304561	   -0.001080729564782	 0.000309979905594959	 -0.00303181907201451
-0.000126007728236669	 0.000710339791226389	 -0.00570660291114271	  0.00174427908899915
-0.000588865803309742	-0.000332425810325769	  0.00943162403031513	  0.00124223960859234
-0.000450944134356967	-0.000298235289233853	  -0.0156293418631619	 -0.00526786850381558
-0.000595101252662252	 6.23870345837931e-05	   0.0291259205789422	  0.00111850256386274
PANDA RIGHT
 -0.00153454498550057	-0.000755827715888621	 -0.00375327438334278	 -0.00186050231294708
 0.000164689696971461	-0.000213050086229039	 -0.00421046909639128	  0.00289486042989076
-1.15278558086253e-05	 -0.00102597969400635	  0.00213017254351538	 -0.00361750430126459
 0.000206282115704994	  0.00110134778935942	  0.00011595859916241	   0.0029615689415583
 -0.00135804609732451	-6.22918606083662e-05	   0.0140144177114266	 -0.00121512580134475
-0.000504355008656697	 0.000343313620260859	  -0.0139640416003658	 -0.00269709765978076
 -0.00105240747451637	 0.000135515621092934	  0.00500222509192748	 0.000313562224700233
PANDA TOP
-0.000173618847826349	  0.00059493381061589	  0.00120186562842812	 -0.00652559324499124
-0.000330154161120634	-0.000118131117690414	  7.0975506395107e-05	  0.00168888173564487
-0.000273324483822263	-0.000691989837526863	   0.0020261763922624	 -0.00187155223483768
-0.000348368712946035	 0.000884322657788008	 -0.00511632697275599	 0.000176670273024088
 0.000198389757626587	-0.000634104013308347	  0.00445851666851204	 -0.00164049141390915
-0.000246481267355408	-0.000216750685794502	  7.6893335524624e-05	 -0.00358736307013256
-0.000484247940592132	 4.41383823572865e-05	  -0.0155401413179554	 0.000607231846695396


iteration: 29
eval(before): 2.06516e-05
del_phi.norm(): 4.14191e-06
PANDA LEFT
 0.000473638393010506	 0.000458843350472352	 -0.00304064549580848	  0.00150144569379067
-3.89545849065291e-05	-0.000287603087399924	 -0.00812891988320219	  0.00423464847198795
-0.000154650938343124	 -0.00108040652718193	 0.000309725907321246	 -0.00303147988543276
-0.000126246779013778	 0.000710269725575311	 -0.00570646978786988	    0.001743602563114
 -0.00058882808338739	-0.000332581740288381	   0.0094326456051962	  0.00124232486309784
-0.000451402029703662	-0.000298351102593032	  -0.0156281264553515	  -0.0052671823992815
-0.000595247611102606	 6.23869675504946e-05	   0.0291252773423209	   0.0011181180686789
PANDA RIGHT
 -0.00153466283889493	-0.000755342601135599	 -0.00375358919065125	 -0.00186123397777786
 0.000164697047479215	-0.000213062072514698	 -0.00421130281193292	  0.00289413944906226
-1.11491620016003e-05	 -0.00102643043117002	  0.00213127498570682	 -0.00361724145802343
 0.000206101970191803	  0.00110174720410814	 0.000116443539558517	  0.00296245279943478
 -0.00135784100091061	-6.24618768635107e-05	   0.0140152728963574	 -0.00121485434864052
-0.000504441497442102	 0.000343514843226276	  -0.0139635801799439	 -0.00269741979326442
 -0.00105257865737798	 0.000135522000407042	  0.00500272750686415	 0.000312591263203501
PANDA TOP
-0.000173670001378182	 0.000594978252639484	  0.00120206333903095	 -0.00652625876524559
-0.000330148079799705	-0.000117950106484999	 7.09104977767723e-05	  0.00168942733979437
 -0.00027314930803409	-0.000692217519272164	  0.00202592987168895	 -0.00187128351630712
-0.000348161706473241	 0.000884125897641135	 -0.00511584781555959	 0.000176887560806689
 0.000198613804118123	-0.000634068606340811	   0.0044585541433834	 -0.00163960290448933
 -0.00024654414433552	-0.000216945364061474	 7.57158461844987e-05	 -0.00358801654434435
-0.000484243265857446	 4.41376726218408e-05	  -0.0155399276847719	 0.000607357674447532


iteration: 30
eval(before): 2.06506e-05
del_phi.norm(): 4.12229e-06
PANDA LEFT
 0.000473626250274117	  0.00045818517655501	 -0.00304045835366777	  0.00150184715385441
-3.90350671215314e-05	-0.000287594954791568	 -0.00812901372679492	  0.00423519167543624
-0.000154673725973694	 -0.00108008417222956	 0.000309472299420394	 -0.00303114683235559
-0.000126485318146259	 0.000710200212081128	 -0.00570633911282932	  0.00174292823915672
-0.000588790165962996	-0.000332736862724167	   0.0094336626312892	  0.00124240704951838
-0.000451857505071618	-0.000298465959036478	   -0.015626916490268	 -0.00526649954508684
-0.000595393416560394	 6.23869006934673e-05	    0.029124637757832	  0.00111773448751127
PANDA RIGHT
 -0.00153478074299758	-0.000754858475736571	 -0.00375390285819123	  -0.0018619625875412
 0.000164703470747558	-0.000213074403825771	 -0.00421212890511605	  0.00289342282074508
-1.07729669126315e-05	 -0.00102687897792751	  0.00213237204439228	 -0.00361698108407481
 0.000205922253979943	  0.00110214507515477	 0.000116926382052915	  0.00296333291269724
 -0.00135763614407207	-6.26314482855894e-05	   0.0140161202974262	 -0.00121458210344008
-0.000504529457321545	  0.00034371553200469	  -0.0139631204493019	 -0.00269774277092383
 -0.00105274961170178	 0.000135528376025789	  0.00500322775961011	 0.000311625447493079
PANDA TOP
-0.000173720646075333	 0.000595020303713527	  0.00120226079432375	 -0.00652692115921119
-0.000330141874456033	-0.000117768940599338	 7.08430683061127e-05	  0.00168996976938636
-0.000272974110837817	-0.000692444671584581	  0.00202568757762154	 -0.00187101666567267
-0.000347954579796382	  0.00088392991082584	 -0.00511536938995181	 0.000177103172487207
 0.000198837659686832	-0.000634032996757806	   0.0044585916959372	  -0.0016387170016637
-0.000246607372492745	-0.000217139166928811	 7.45417389669657e-05	 -0.00358866389206697
-0.000484238330708517	 4.41369657308578e-05	  -0.0155397156010919	 0.000607482973753191


iteration: 31
eval(before): 2.06496e-05
del_phi.norm(): 4.10284e-06
PANDA LEFT
 0.000473614817913089	 0.000457529561138564	 -0.00304027328538043	  0.00150224739815007
 -3.9116685386387e-05	-0.000287587214159113	 -0.00812910602585593	  0.00423573492044461
-0.000154697092738211	 -0.00107976250146378	 0.000309219074981141	 -0.00303081985568462
-0.000126723351026641	 0.000710131250893872	 -0.00570621088035761	   0.0017422561065429
-0.000588752054180081	-0.000332891186916801	  0.00943467513913623	  0.00124248620143822
-0.000452310585729128	-0.000298579863436957	   -0.015625711927082	 -0.00526581992290552
-0.000595538675355758	 6.23868340190717e-05	   0.0291240018040551	  0.00111735183069702
PANDA RIGHT
 -0.00153489869707238	-0.000754375376503201	 -0.00375421539223958	 -0.00186268815250439
 0.000164708973567459	-0.000213087069254662	 -0.00421294746729972	  0.00289271051391014
-1.03992484365746e-05	  -0.0010273253540892	  0.00213346376154945	 -0.00361672316522141
 0.000205742967883999	  0.00110254141474473	 0.000117407133269115	   0.0029642092981139
 -0.00135743150401799	-6.28005745560593e-05	   0.0140169600029053	 -0.00121430908213798
 -0.00050461884124327	 0.000343915684025852	  -0.0139626623884012	 -0.00269806657378913
 -0.00105292033753184	 0.000135534747976578	  0.00500372586981006	 0.000310664756734052
PANDA TOP
-0.000173770789376768	 0.000595060022634889	  0.00120245796550289	 -0.00652758044429467
-0.000330135546199652	-0.000117587624971225	 7.07732886470735e-05	  0.00169050903711785
-0.000272798896513472	 -0.00069267128940266	  0.00202544944836214	 -0.00187075165912642
-0.000347747342489861	 0.000883734693790404	 -0.00511489168438288	 0.000177317121441858
 0.000199061313468744	-0.000633997191187317	  0.00445862932401394	 -0.00163783370588932
-0.000246670952089142	-0.000217332101601084	 7.33710138644657e-05	 -0.00358930519984572
-0.000484233141316452	 4.41362616541929e-05	  -0.0155395050652849	 0.000607607753168169


iteration: 32
eval(before): 2.06486e-05
del_phi.norm(): 4.08354e-06
PANDA LEFT
 0.000473604085488399	 0.000456876519119884	 -0.00304009025039211	  0.00150264641868072
-3.91994183980289e-05	-0.000287579865278751	  -0.0081291968163729	  0.00423627820471943
-0.000154721019350995	 -0.00107944151659165	 0.000308966227209035	 -0.00303049889910403
-0.000126960883116553	 0.000710062842018086	 -0.00570608508476326	  0.00174158615511903
-0.000588713750807157	-0.000333044722173836	  0.00943568315917102	   0.0012425623521737
-0.000452761296109362	-0.000298692820698655	  -0.0156245127251176	 -0.00526514351435618
-0.000595683393882036	 6.23867675336008e-05	   0.0291233694597374	  0.00111697010851956
PANDA RIGHT
  -0.0015350167001934	-0.000753893337710563	    -0.00375452679945	 -0.00186341068287242
 0.000164713563190006	-0.000213100058260401	 -0.00421375858844987	  0.00289200249849497
-1.00279847485084e-05	 -0.00102776957803678	  0.00213455017846558	  -0.0036164676867825
 0.000205564112498809	  0.00110293623467287	 0.000117885799744197	  0.00296508197184226
 -0.00135722705970485	 -6.2969255484765e-05	   0.0140177920996857	 -0.00121403530101994
-0.000504709604592966	 0.000344115297059899	  -0.0139622059775572	 -0.00269839118354142
 -0.00105309083494198	  0.00013554111628395	  0.00500422185636433	 0.000309709169722701
PANDA TOP
-0.000173820438583489	 0.000595097465309015	  0.00120265482514445	 -0.00652823663796062
-0.000330129096169769	-0.000117406164764359	 7.07012281548145e-05	  0.00169104515595187
-0.000272623669222882	-0.000692897368042371	    0.002025215423324	 -0.00187048847333809
-0.000347540003893224	 0.000883540242768264	 -0.00511441468793681	 0.000177529420858996
 0.000199284755204405	-0.000633961196137464	  0.00445866702554074	 -0.00163695301754484
-0.000246734883335498	-0.000217524175305767	 7.22036704319978e-05	 -0.00358994055218241
-0.000484227703734211	 4.41355603628469e-05	  -0.0155392960752854	 0.000607732021184311


iteration: 33
eval(before): 2.06476e-05
del_phi.norm(): 4.0644e-06
PANDA LEFT
 0.000473594042691319	 0.000456226063745046	 -0.00303990920946662	  0.00150304420790069
-3.92832451074446e-05	-0.000287572907855966	 -0.00812928613345069	  0.00423682152595022
-0.000154745486763957	 -0.00107912121955302	 0.000308713749681666	 -0.00303018390718841
-0.000127197919893144	  0.00070999498539196	  -0.0057059617198932	  0.00174091837490148
-0.000588675258248273	-0.000333197477787785	  0.00943668672186708	  0.00124263553470873
-0.000453209659828782	-0.000298804835684951	  -0.0156233188440819	 -0.00526447030093518
-0.000595827578560844	 6.23867012433192e-05	    0.029122740703778	  0.00111658933104558
PANDA RIGHT
 -0.00153513475109415	-0.000753412391261271	 -0.00375483708606232	 -0.00186413018884673
 0.000164717247271404	-0.000213113360533442	 -0.00421456235703495	  0.00289129874464867
-9.65915433957931e-06	 -0.00102821166679397	  0.00213563133628639	 -0.00361621463405854
 0.000205385688367426	  0.00110332954624584	 0.000118362388227566	   0.0029659509501825
 -0.00135702279169842	-6.31374908483546e-05	   0.0140186166735108	 -0.00121376077613633
-0.000504801705108813	 0.000344314369099762	  -0.0139617511977377	 -0.00269871658167031
 -0.00105326110388899	 0.000135547480973866	  0.00500471573737225	 0.000308758665268866
PANDA TOP
-0.000173869600780607	 0.000595132684948947	   0.0012028513462382	 -0.00652888975768218
-0.000330122525455234	-0.000117224565303644	 7.06269546322683e-05	  0.00169157813880695
-0.000272448432904908	-0.000693122903053705	  0.00202498544317834	 -0.00187022708504267
-0.000347332573067952	 0.000883346553652132	 -0.00511393839025537	  0.00017774008368094
 0.000199507975067583	 -0.00063392501793772	  0.00445870479831005	 -0.00163607493676258
-0.000246799166431726	-0.000217715395412935	 7.10397077614351e-05	 -0.00359057003212012
-0.000484222023843459	 4.41348618284168e-05	  -0.0155390886284739	 0.000607855786031506


iteration: 34
eval(before): 2.06467e-05
del_phi.norm(): 4.04541e-06
PANDA LEFT
 0.000473584679358114	  0.00045557820676814	 -0.00303973012381566	  0.00150344075870639
-3.93681446931082e-05	-0.000287566341550105	 -0.00812937401155418	  0.00423736488146697
-0.000154770476136764	  -0.0010788016124326	 0.000308461636254054	 -0.00302987482534079
-0.000127434466848603	 0.000709927680858913	 -0.00570584077926374	  0.00174025275593499
-0.000588636578599458	-0.000333349463008741	  0.00943768585753011	  0.00124270578170791
-0.000453655699802046	-0.000298915913254626	  -0.0156221302438387	 -0.00526380026416155
-0.000595971235819784	 6.23866351540507e-05	   0.0291221155151035	  0.00111620950824352
PANDA RIGHT
 -0.00153525284837796	-0.000752932566924301	 -0.00375514625908285	 -0.00186484668072277
 0.000164720033805441	-0.000213126966081504	 -0.00421535886042517	  0.00289059922290098
-9.29273598821555e-06	 -0.00102865163623602	  0.00213670727576724	 -0.00361596399216759
 0.000205207695861994	  0.00110372136036662	 0.000118836905488946	  0.00296681624900898
 -0.00135681868199553	-6.33052805289446e-05	   0.0140194338085936	 -0.00121348552338615
-0.000504895102610981	 0.000344512898389742	  -0.0139612980303267	 -0.00269904274972215
 -0.00105343114434576	 0.000135553842069852	  0.00500520753059771	 0.000307813221926038
PANDA TOP
-0.000173918282901148	 0.000595165732289806	  0.00120304750275314	 -0.00652953982078431
-0.000330115835167787	-0.000117042832101094	 7.05505344969152e-05	  0.00169210799861632
-0.000272273191400756	-0.000693347890311077	  0.00202475944970551	 -0.00186996747146963
-0.000347125058861677	 0.000883153622171755	 -0.00511346278148797	 0.000177949122823488
 0.000199730963766844	-0.000633888662795929	  0.00445874263989228	 -0.00163519946360984
-0.000246863801525718	-0.000217905769287634	 6.98791245620957e-05	  -0.0035911937210133
 -0.00048421610740588	 4.41341660236329e-05	  -0.0155388827219899	 0.000607979055725189


iteration: 35
eval(before): 2.06457e-05
del_phi.norm(): 4.02658e-06
PANDA LEFT
  0.00047357598547682	 0.000454932958613207	 -0.00303955295568092	  0.00150383606403959
-3.94540965962107e-05	-0.000287560165989306	 -0.00812946048424705	  0.00423790826858307
-0.000154795968889617	 -0.00107848269747431	 0.000308209880785572	 -0.00302957159973357
-0.000127670529438406	 0.000709860928215842	 -0.00570572225591974	  0.00173958928859293
-0.000588597713679387	-0.000333500687011202	  0.00943868059645454	  0.00124277312546974
-0.000454099438292811	-0.000299026058221812	  -0.0156209468845747	 -0.00526313338515412
-0.000596114372058801	 6.23865692716799e-05	   0.0291214938727622	  0.00111583064994386
PANDA RIGHT
 -0.00153537099047326	-0.000752453892466163	  -0.0037554543252793	 -0.00186556016861279
 0.000164721931053325	 -0.00021314086516061	 -0.00421614818463581	  0.00288990390424301
-8.92870878220752e-06	  -0.0010290895011955	  0.00213777803728952	 -0.00361571574611537
 0.000205030135260721	  0.00110411168752053	 0.000119309358526977	  0.00296767788432251
 -0.00135661471387438	-6.34726244308831e-05	   0.0140202435880774	  -0.0012132095584827
-0.000504989758887599	 0.000344710883357116	  -0.0139608464571273	  -0.0026993696692705
 -0.00105360095623973	 0.000135560199594556	  0.00500569725308426	  0.00030687281816778
PANDA TOP
-0.000173966491705239	 0.000595196655791439	  0.00120324326942395	  -0.0065301868447063
-0.000330109026409715	-0.000116860970812046	 7.04720326746846e-05	  0.00169263474846288
-0.000272097948413687	-0.000693572325932652	  0.00202453738584915	  -0.0018697096101908
-0.000346917469883141	 0.000882961443858501	 -0.00511298785236975	 0.000178156550838954
 0.000199953712444996	-0.000633852136773184	  0.00445878054790812	 -0.00163432659842261
-0.000246928788751636	-0.000218095304334859	 6.87219191425619e-05	 -0.00359181169870823
-0.000484209960043689	 4.41334729218459e-05	  -0.0155386783524142	  0.00060810183808116


iteration: 36
eval(before): 2.06447e-05
del_phi.norm(): 4.0079e-06
PANDA LEFT
 0.000473567951187339	 0.000454290328447807	 -0.00303937766782993	  0.00150423011747832
-3.95410805345788e-05	-0.000287554380782829	 -0.00812954558424181	  0.00423845168464004
-0.000154821946696376	 -0.00107816447706402	 0.000307958477623522	 -0.00302927417727888
-0.000127906113083867	 0.000709794727216115	 -0.00570560614281301	  0.00173892796337847
-0.000588558665043294	-0.000333651158885361	  0.00943967096878522	  0.00124283759813813
 -0.00045454089694745	-0.000299135275357397	  -0.0156197687267894	 -0.00526246964531589
-0.000596256993636994	 6.23865036018602e-05	   0.0291208757557508	  0.00111545276573908
PANDA RIGHT
  -0.0015354891756805	-0.000751976393847984	 -0.00375576129144075	 -0.00186627066265409
 0.000164722947510068	 -0.00021315504827629	 -0.00421693041454699	  0.00288921276008121
-8.56705211412238e-06	 -0.00102952527555392	  0.00213884366078344	 -0.00361546988064121
  0.00020485300674195	  0.00110450053780657	 0.000119779754223855	  0.00296853587161388
 -0.00135641087180656	-6.36395225009746e-05	   0.0140210460937278	 -0.00121293289673131
-0.000505085637547144	 0.000344908322592684	  -0.0139603964604053	 -0.00269969732185872
 -0.00105377053947147	 0.000135566553570135	  0.00500618492150534	 0.000305937432215535
PANDA TOP
-0.000174014233796694	 0.000595225501781449	  0.00120343862125203	 -0.00653083084679879
-0.000330102100288627	-0.000116678987222747	 7.03915127541433e-05	   0.0016931584013716
-0.000271922707527562	-0.000693796206298266	  0.00202431919554275	 -0.00186945347892528
-0.000346709814512413	  0.00088277001408475	 -0.00511251359415851	 0.000178362380211177
 0.000200176212677809	-0.000633815445800124	  0.00445881851972043	 -0.00163345634102687
-0.000246994128195456	-0.000218284007971885	  6.7568089447723e-05	  -0.0035924240437157
-0.000484203587253849	  4.4132782497086e-05	  -0.0155384755159221	 0.000608224140765992


iteration: 37
eval(before): 2.06438e-05
del_phi.norm(): 3.98936e-06
PANDA LEFT
  0.00047356056679633	 0.000453650324308097	 -0.00303920422406731	  0.00150462291273844
-3.96290765065642e-05	-0.000287548985537769	 -0.00812962934343317	   0.0042389951265879
-0.000154848391506913	 -0.00107784695371834	 0.000307707420986203	 -0.00302898250568578
-0.000128141223138366	 0.000709729077583485	 -0.00570549243250973	  0.00173826877090539
-0.000588519434035005	-0.000333800887597691	  0.00944065700458348	  0.00124289923161931
-0.000454980096866904	-0.000299243569375444	  -0.0156185957312294	 -0.00526180902571817
-0.000596399106844718	 6.23864381499655e-05	   0.0291202611432842	   0.0011150758650684
PANDA RIGHT
 -0.00153560740218803	-0.000751500095330854	 -0.00375606716458281	 -0.00186697817329485
 0.000164723091849701	-0.000213169506167457	 -0.00421770563358381	  0.00288852576193512
-8.20774568766048e-06	 -0.00102995897236173	  0.00213990418575932	 -0.00361522638070919
 0.000204676310397547	  0.00110488792095484	 0.000120248099615064	  0.00296939022643409
 -0.00135620714135767	-6.38059747186035e-05	   0.0140218414061497	 -0.00121265555328159
-0.000505182703897818	 0.000345105214828327	   -0.013959948022813	  -0.0027000256894192
 -0.00105393989391084	  0.00013557290401833	  0.00500667055203214	 0.000305007042322446
PANDA TOP
-0.000174061515617713	 0.000595252314612295	  0.00120363353496606	 -0.00653147184436172
-0.000330095057908134	-0.000116496887250883	 7.03090370178637e-05	   0.0016936789704197
-0.000271747472218167	-0.000694019528012512	  0.00202410482387015	  -0.0018691990558945
 -0.00034650210091742	 0.000882579328088181	 -0.00511203999851104	 0.000178566623397454
 0.000200398456426835	-0.000633778595666778	  0.00445885655288539	 -0.00163258869148418
-0.000247059819935427	 -0.00021847188761633	 6.64176330491896e-05	 -0.00359303083275239
-0.000484196994398701	 4.41320947241683e-05	  -0.0155382742085521	 0.000608345971227514


iteration: 38
eval(before): 2.06429e-05
del_phi.norm(): 3.97097e-06
PANDA LEFT
 0.000473553822770062	 0.000453012953162159	 -0.00303903258885258	  0.00150501444394438
-3.97180647937306e-05	-0.000287543979864189	  -0.0081297117930724	  0.00423953859136958
-0.000154875285534742	 -0.00107753013005394	 0.000307456705413082	  -0.0030286965332364
-0.000128375864884586	 0.000709663979014451	 -0.00570538111739028	  0.00173761170184458
-0.000588480021783694	-0.000333949881999931	  0.00944163873378256	  0.00124295805727478
-0.000455417058668561	 -0.00029935094494623	  -0.0156174278589198	 -0.00526115150755492
-0.000596540717900331	 6.23863729214722e-05	   0.0291196500143129	  0.00111469995726787
PANDA RIGHT
 -0.00153572566812925	-0.000751025019631287	 -0.00375637195174219	 -0.00186768271100968
 0.000164722372904144	-0.000213184229819346	 -0.00421847392425948	  0.00288784288198528
-7.85076949022212e-06	 -0.00103039060393029	  0.00214095965164478	 -0.00361498523096197
 0.000204500046218842	  0.00110527384636736	 0.000120714401814254	  0.00297024096396021
 -0.00135600350905619	-6.39719811201732e-05	   0.0140226296050226	  -0.0012123775433428
-0.000505280924782658	 0.000345301558932503	  -0.0139595011274855	 -0.00270035475345118
 -0.00105410901942686	 0.000135579250959805	  0.00500715416042461	 0.000304081626538391
PANDA TOP
  -0.0001741083434744	 0.000595277136823049	  0.00120382798744855	 -0.00653210985468184
-0.000330087900388519	-0.000116314676917389	 7.02246662821015e-05	  0.00169419646868593
 -0.00027157224587823	-0.000694242287900723	  0.00202389421716634	 -0.00186894631951293
-0.000346294337070118	 0.000882389381016327	 -0.00511156705759731	 0.000178769292616672
 0.000200620436057064	 -0.00063374159204589	  0.00445889464479329	 -0.00163172364974088
 -0.00024712586400929	-0.000218658950656795	 6.52705472202422e-05	 -0.00359363214126277
-0.000484190186728448	 4.41314095786374e-05	  -0.0155380744259816	 0.000608467336798561


iteration: 39
eval(before): 2.06419e-05
del_phi.norm(): 3.95273e-06
PANDA LEFT
  0.00047354770973642	 0.000452378221029945	 -0.00303886272745991	  0.00150540470543148
-3.98080259788599e-05	-0.000287539363380897	 -0.00812979296369316	  0.00424008207593961
 -0.00015490261128685	 -0.00107721400880227	  0.00030720632586967	 -0.00302841620911142
-0.000128610043529003	 0.000709599431194356	 -0.00570527218942018	  0.00173695674699314
-0.000588440429235917	 -0.00033409815080493	  0.00944261618621778	  0.00124301410627672
-0.000455851802476814	-0.000299457406672609	  -0.0156162650712228	 -0.00526049707189935
-0.000596681832934336	 6.23863079212903e-05	   0.0291190423479474	  0.00111432505136281
PANDA RIGHT
 -0.00153584397154893	-0.000750551188007726	 -0.00375667566001189	 -0.00186838428606744
  0.00016472079961654	-0.000213199210409642	 -0.00421923536783541	  0.00288716409239388
-7.49610380980295e-06	 -0.00103082018189944	  0.00214201009718853	 -0.00361474641597894
 0.000204324214142249	  0.00110565832311498	 0.000121178667849749	   0.0029710880992957
  -0.0013557999623502	 -6.4137541750862e-05	   0.0140234107685618	 -0.00121209888160033
-0.000505380268515201	 0.000345497353871685	  -0.0139590557577686	 -0.00270068449586329
 -0.00105427791584933	 0.000135585594414348	  0.00500763576200068	 0.000303161162786699
PANDA TOP
-0.000174154723523321	 0.000595300009237915	  0.00120402195596271	 -0.00653274489481844
-0.000330080628841147	-0.000116132362329799	  7.0138460197441e-05	  0.00169471090939363
-0.000271397031807159	 -0.00069446448298634	  0.00202368732208403	  -0.0018686952484206
-0.000346086530724444	 0.000882200167900192	  -0.0051110947639777	 0.000178970399907661
 0.000200842144272571	-0.000633704440479506	  0.00445893279264949	 -0.00163086121534872
-0.000247192260435108	-0.000218845204478807	 6.41268288441599e-05	 -0.00359422804319253
-0.000484183169367859	 4.41307270367738e-05	  -0.0155378761633154	 0.000608588244608375


iteration: 40
eval(before): 2.0641e-05
del_phi.norm(): 3.93463e-06
PANDA LEFT
 0.000473542218489203	 0.000451746133031223	 -0.00303869460594189	  0.00150579369203738
-3.98989409326254e-05	-0.000287535135719198	 -0.00812987288480615	   0.0042406255771817
-0.000154930351545707	 -0.00107689859277003	 0.000306956277148847	 -0.00302814148283247
 -0.00012884376418762	 0.000709535433798995	 -0.00570516564052811	  0.00173630389721757
-0.000588400657179503	-0.000334245702584565	  0.00944358939134602	   0.0012430674095233
-0.000456284348004248	-0.000299562959099143	  -0.0156151073297169	 -0.00525984569977577
 -0.00059682245797995	 6.23862431545358e-05	    0.029118438123504	  0.00111395115631939
PANDA RIGHT
 -0.00153596231046165	-0.000750078620415127	 -0.00375697829650648	 -0.00186908290886383
 0.000164718381016697	-0.000213214439349761	 -0.00421999004395418	   0.0028864893659609
-7.14372922902824e-06	 -0.00103124771729964	  0.00214305556077218	 -0.00361450992059546
 0.000204148814017943	   0.0011060413599677	 0.000121640904691271	  0.00297193164774984
 -0.00135559648950359	-6.43026567057586e-05	   0.0140241849741296	 -0.00121181958252481
-0.000505480704770096	 0.000345692598713437	  -0.0139586118974869	 -0.00270101489837479
 -0.00105444658300473	 0.000135591934402213	  0.00500811537184537	 0.000302245629025353
PANDA TOP
-0.000174200661789103	 0.000595320971110656	  0.00120421541913213	 -0.00653337698202892
-0.000330073244395144	-0.000115949949678552	  7.0050476853715e-05	  0.00169522230550011
-0.000271221833234801	-0.000694686110498015	  0.00202348408706917	 -0.00186844582184577
 -0.00034587868946149	 0.000882011683708102	 -0.00511062311069705	 0.000179169957312193
 0.000201063574127373	-0.000633667146390929	  0.00445897099376793	 -0.00163000138820147
-0.000247259009205545	-0.000219030656421806	 6.29864745146614e-05	 -0.00359481861147965
-0.000484175947331174	 4.41300470751175e-05	  -0.0155376794156779	 0.000608708701696913


iteration: 41
eval(before): 2.06401e-05
del_phi.norm(): 3.91667e-06
PANDA LEFT
 0.000473537339984605	 0.000451116693471521	 -0.00303852819110016	  0.00150618139879271
-3.99907908162197e-05	-0.000287531296529594	 -0.00812995158538208	  0.00424116909190318
-0.000154958489369432	 -0.00107658388483786	 0.000306706554243057	 -0.00302787230473103
-0.000129077031878145	 0.000709471986479153	 -0.00570506146231955	  0.00173565314362726
-0.000588360706253048	-0.000334392545766423	  0.00944455837863077	  0.00124311799762722
-0.000456714714560065	-0.000299667606722519	  -0.0156139545963963	 -0.00525919737240347
-0.000596962598972305	 6.23861786259659e-05	   0.0291178373200647	  0.00111357828078195
PANDA RIGHT
 -0.00153608068287289	-0.000749607335555939	 -0.00375727986836402	 -0.00186977858995957
 0.000164715126205017	-0.000213229908262306	 -0.00422073803171846	  0.00288581867551242
 -6.7936265934689e-06	  -0.0010316732206244	  0.00214409608070194	 -0.00361427572924572
 0.000203973845607982	  0.00110642296542808	 0.000122101119656878	  0.00297277162395776
 -0.00135539307954132	-6.44673261331403e-05	   0.0140249522979074	 -0.00121153966058938
-0.000505582204462422	 0.000345887292627222	  -0.0139581695307498	 -0.00270134594303112
 -0.00105461502072847	 0.000135598270941604	  0.00500859300448481	 0.000301335002972133
PANDA TOP
-0.000174246164174458	 0.000595340060221263	  0.00120440835575521	 -0.00653400613338176
-0.000330065748194353	-0.000115767445231992	 6.99607732238125e-05	  0.00169573067018065
-0.000271046653326963	 -0.00069490716784339	  0.00202328446111183	 -0.00186819801904091
-0.000345670820679613	  0.00088182392337577	 -0.00511015209111477	  0.00017936797665345
 0.000201284719008074	-0.000633629715096174	  0.00445900924552498	 -0.00162914416754458
-0.000247326110282153	-0.000219215313778035	 6.18494805828804e-05	 -0.00359540391728334
-0.000484168525529486	 4.41293696711165e-05	  -0.0155374841775656	 0.000608828714943643


iteration: 42
eval(before): 2.06392e-05
del_phi.norm(): 3.89886e-06
PANDA LEFT
 0.000473533065341683	 0.000450489905893492	 -0.00303836345051734	  0.00150656782094865
-4.00835570911676e-05	-0.000287527845480425	 -0.00813002909357402	  0.00424171261679298
-0.000154987008106768	 -0.00107626988796616	 0.000306457152493535	 -0.00302760862575354
-0.000129309851524856	 0.000709409088888477	 -0.00570495964622635	  0.00173500447714987
-0.000588320576971214	-0.000334538688622147	  0.00944552317748274	  0.00124316590088179
 -0.00045714292106262	 -0.00029977135397777	  -0.0156128068334884	 -0.00525855207069023
-0.000597102261736745	 6.23861143402859e-05	   0.0291172399168123	   0.0011132064332989
PANDA RIGHT
 -0.00153619908675388	-0.000749137350985814	  -0.0037575803826383	  -0.0018704713398455
 0.000164711044322748	-0.000213245608958267	 -0.00422147940877006	  0.00288515199434763
-6.44577702933355e-06	 -0.00103209670188218	  0.00214513169446095	 -0.00361404382650936
 0.000203799308622867	  0.00110680314773342	 0.000122559319801873	  0.00297360804283816
 -0.00135518972218691	-6.46315501990016e-05	   0.0140257128148826	 -0.00121125912993797
-0.000505684739696889	 0.000346081434854059	  -0.0139577286421048	 -0.00270167761182779
 -0.00105478322883592	 0.000135604604050793	  0.00500906867435978	 0.000300429262376986
PANDA TOP
-0.000174291236450936	 0.000595357312998323	  0.00120460074544214	 -0.00653463236564934
-0.000330058141383824	-0.000115584855311276	 6.98694050403826e-05	  0.00169623601660185
-0.000270871495183973	-0.000695127652607108	  0.00202308839384701	 -0.00186795181964384
-0.000345462931592586	 0.000881636881770643	 -0.00510968169894083	 0.000179564469804629
 0.000201505572589183	-0.000633592151790888	  0.00445904754495463	 -0.00162828955295061
-0.000247393563614463	-0.000219399183801987	 6.07158430429923e-05	 -0.00359598403071937
-0.000484160908761063	 4.41286948026952e-05	  -0.0155372904436061	 0.000608948291074798


iteration: 43
eval(before): 2.06383e-05
del_phi.norm(): 3.88118e-06
PANDA LEFT
 0.000473529385839146	 0.000449865773141264	 -0.00303820035235906	  0.00150695295414398
-4.01772215202522e-05	-0.000287524782270549	 -0.00813010543707418	  0.00424225614860235
-0.000155015891400695	 -0.00107595660515628	  0.00030620806740496	  -0.0030273503973815
-0.000129542227943653	 0.000709346740687086	 -0.00570486018346148	  0.00173435788897185
-0.000588280269715639	-0.000334684139265298	  0.00944648381697579	  0.00124321114915375
 -0.00045756898607615	-0.000299874205226478	  -0.0156116640035511	 -0.00525790977557705
-0.000597241451983705	 6.23860503019119e-05	   0.0291166458929409	  0.00111283562217138
PANDA RIGHT
 -0.00153631752004998	-0.000748668683190984	  -0.0037578798466032	 -0.00187116116915099
 0.000164706144534843	 -0.00021326153342904	  -0.0042222142516169	  0.00288448929596105
-6.10016194377305e-06	 -0.00103251817064843	  0.00214616243950104	 -0.00361381419698981
 0.000203625202737715	  0.00110718191486087	 0.000123015512326531	   0.0029744409190763
 -0.00135498640780418	 -6.4795329078788e-05	   0.0140264665992083	 -0.00121097800448196
-0.000505788283672446	 0.000346275024692054	  -0.0139572892163341	 -0.00270200988650612
 -0.00105495120711851	 0.000135610933747694	  0.00500954239547949	  0.00029952838486685
PANDA TOP
-0.000174335884264244	 0.000595372764556323	  0.00120479256851562	 -0.00653525569599599
-0.000330050425109651	-0.000115402186284035	 6.97764266791307e-05	  0.00169673835776275
-0.000270696361837924	 -0.00069534756251288	  0.00202289583632774	 -0.00186770720373951
-0.000345255029245665	 0.000881450553719508	 -0.00510921192830432	  0.00017975944834805
 0.000201726128814596	-0.000633554461555406	  0.00445908588934597	 -0.00162743754376477
-0.000247461369135087	-0.000219582273711459	 5.95855576557983e-05	 -0.00359655902074613
-0.000484153101715576	 4.41280224483197e-05	  -0.0155370982079881	 0.000609067436666249


