iteration: 1
eval(before): 2.72479e-05
del_phi.norm(): 0.000696444
PANDA LEFT
 0.000502369126313223	 0.000546045392313675	 -0.00313955647840007	  0.00144979627544202
-4.81734961848681e-05	 -0.00029908033268685	 -0.00800102490905896	  0.00410449802365279
-0.000162884401202184	 -0.00114432399090952	 0.000371740516078784	 -0.00325294091409147
-7.10378121255434e-05	 0.000710605943558237	 -0.00572944761484164	  0.00187251548867425
-0.000589565677458223	-0.000281486414036647	  0.00922346575808016	  0.00119567532170849
-0.000351309672361194	-0.000282692640528592	    -0.01589270885407	 -0.00535571241993281
-0.000551701657626769	 6.23732239559937e-05	   0.0292538994434513	  0.00116926638124374
PANDA RIGHT
 -0.00153723881425159	-0.000801121545448203	 -0.00370804929316554	 -0.00171920993690535
 0.000146520244655467	-0.000230047558055895	 -0.00393697944116377	   0.0030598159766642
 -0.00010095448186549	-0.000941208297050705	  0.00187916046312415	 -0.00370349800585956
 0.000225089654815594	  0.00103386444121997	 1.17722567839335e-05	  0.00276461636105706
 -0.00139635801090841	-4.46874718779493e-05	   0.0137046873722832	 -0.00122084065514252
-0.000525274908582951	 0.000319770601431049	  -0.0140811714150889	 -0.00262148102167642
 -0.00103562411867582	 0.000134556605124493	  0.00485280376363241	 0.000507014463209719
PANDA TOP
-0.000153585456112222	 0.000543856918735723	   0.0012342820035494	 -0.00637593896502781
-0.000330159422942246	-0.000146982215165663	-5.21017020108197e-05	  0.00156878748654765
-0.000298253846558005	-0.000656653445886935	  0.00218768696394148	 -0.00195849620590151
-0.000365932712862595	  0.00092626343237367	 -0.00526769491129095	 0.000155055155844779
  0.00017316360685492	 -0.00062864524491067	  0.00448780401259463	 -0.00177279286591008
-0.000243600486271482	-0.000172792935749644	 0.000226817875476832	 -0.00328500485228078
-0.000474360061798126	 4.42984785877218e-05	  -0.0155416315756959	 0.000600876757894532


iteration: 2
eval(before): 2.11807e-05
del_phi.norm(): 8.87377e-05
PANDA LEFT
 0.000498900621572834	 0.000544467885286179	 -0.00313749555326201	  0.00144956921975871
-5.01681637368249e-05	-0.000298071557642424	  -0.0080130987400632	   0.0041207893618238
-0.000165592773185761	  -0.0011443353261966	 0.000365320284636621	 -0.00322715548924924
 -7.4097461468497e-05	 0.000714771211910001	 -0.00573682117881759	  0.00186443200048003
-0.000587019075200535	-0.000284460453511548	  0.00922667835993699	  0.00119824191478439
-0.000353144821769578	-0.000279648493789567	  -0.0158857757709517	 -0.00535444714519008
-0.000554307586333775	 6.23756930647178e-05	   0.0292574993630953	  0.00116517428707909
PANDA RIGHT
 -0.00153377372094714	-0.000801435840440184	 -0.00371314257081948	 -0.00172660695661179
 0.000146001176651106	-0.000225698612790828	 -0.00395556429705748	  0.00305554668300232
-9.96598794856333e-05	-0.000945006841105432	  0.00188627256280237	 -0.00369479701610995
  0.00022834912213947	    0.001032962916713	 2.15015822496172e-05	  0.00276848681838422
 -0.00139269359055453	-4.14421746228026e-05	   0.0137172200894974	 -0.00122088550167371
-0.000523754678153303	 0.000316673765370521	  -0.0140708750718044	 -0.00261493326217972
 -0.00103272114837143	 0.000134586144288976	  0.00488996086923803	  0.00049487163539808
PANDA TOP
 -0.00015489305766852	 0.000547786883941479	  0.00124031537367243	 -0.00638657240251503
-0.000329891065997233	-0.000144847202968697	-3.90974110771651e-05	  0.00157143266169786
-0.000297287176219776	 -0.00065690959392362	  0.00218468967424336	 -0.00195967227698945
-0.000366519601759521	 0.000923289682938455	  -0.0052489281077831	 0.000145447912359641
 0.000173015933395028	-0.000629507224798411	  0.00447685755832387	 -0.00178176688480834
-0.000241010205089873	-0.000175607767303768	 0.000230638535188643	 -0.00332771198602164
-0.000475329580576859	 4.42903374056742e-05	  -0.0155719649394988	 0.000594291636775224


iteration: 3
eval(before): 2.11094e-05
del_phi.norm(): 7.38382e-05
PANDA LEFT
 0.000495770977108753	 0.000543350250886174	 -0.00312790126269831	  0.00144975592516208
-5.05084954434712e-05	-0.000296772731378739	 -0.00802556129962843	  0.00413182495051898
-0.000166475574959179	 -0.00114304157507604	 0.000365028882145751	 -0.00320812945570815
 -7.7385376348013e-05	 0.000716855607604031	 -0.00573811047954146	  0.00185894289633896
-0.000585601713690025	-0.000287878001637093	  0.00923251692481968	  0.00119504947631203
-0.000355250682579725	-0.000278483265506806	  -0.0158751458980209	 -0.00536427345485562
-0.000557247437381919	 6.23775736201652e-05	   0.0292449530521089	  0.00116416446693553
PANDA RIGHT
 -0.00153076884178172	-0.000801996134709877	 -0.00370323354840338	 -0.00173139529749651
 0.000146862457382273	 -0.00022289621720769	 -0.00396853613633729	  0.00304945718623845
-9.67152726620076e-05	-0.000947536952161363	  0.00190336115797837	  -0.0036936073251504
 0.000230050673196123	  0.00103404180924203	 2.29862131612649e-05	   0.0027776140351275
 -0.00139071730886915	-3.96839284648993e-05	   0.0137359446588199	 -0.00122891224537678
 -0.00052199696522266	 0.000315784614650424	  -0.0140634576032328	 -0.00263866727508203
  -0.0010311420040125	 0.000134614099726772	   0.0048727879368338	 0.000489424119585551
PANDA TOP
-0.000156115842618048	 0.000551367772019273	  0.00122034149242643	 -0.00639301112012197
-0.000329652698936426	-0.000142939328279068	-2.70024530861432e-05	  0.00157590668048115
-0.000296355139739825	-0.000657248035317665	  0.00216139082253522	 -0.00195000675681697
-0.000367028251097784	  0.00092025888799272	 -0.00523859973673873	  0.00014571677115426
 0.000172657450956967	-0.000630367721796942	  0.00447381326740186	 -0.00176938719881206
-0.000239578485259158	-0.000178504851218863	 0.000232650237255188	 -0.00333036939608491
-0.000476282307056072	 4.42833949704644e-05	  -0.0155487646098951	 0.000592839780238652


iteration: 4
eval(before): 2.10617e-05
del_phi.norm(): 7.31641e-05
PANDA LEFT
 0.000493412685633674	 0.000542416304389397	 -0.00312398778775525	  0.00145066542535511
-5.02649544959912e-05	-0.000295856189997357	   -0.008037472309251	  0.00414048354702521
-0.000166665809695565	 -0.00114080797617838	   0.0003597973636632	 -0.00319173714937494
-8.00599183950631e-05	 0.000718310566004035	 -0.00573918720450012	  0.00185515306382008
-0.000585253645936937	-0.000290702080163594	  0.00924046702632863	  0.00119772550458236
-0.000358442278623792	-0.000277833718587391	  -0.0158647110133403	  -0.0053625820780723
-0.000559630537027276	 6.23798257813039e-05	   0.0292465032310414	  0.00116383947317072
PANDA RIGHT
 -0.00152948913385309	-0.000802520703008942	 -0.00371072452423241	 -0.00173577453062658
 0.000147416717583096	-0.000221141803454988	 -0.00397989029109631	  0.00304374524733058
-9.38572115979942e-05	-0.000950704325397037	  0.00190835399566925	 -0.00368620154183152
 0.000230519145774057	  0.00103531688361081	 2.97810109226339e-05	  0.00278817562459351
 -0.00138871237487929	-3.92444984247203e-05	   0.0137547094150331	 -0.00122596804573381
-0.000520134435579442	 0.000315313618111547	  -0.0140576265334962	 -0.00263022666325164
 -0.00103075484885968	 0.000134641985556809	  0.00490608700876791	 0.000484193688656899
PANDA TOP
-0.000157385972824134	 0.000554429107754892	  0.00122582108057451	 -0.00639809636003327
-0.000329818458970498	-0.000141757424893426	-1.71600391712134e-05	  0.00158206065539052
-0.000295862743864712	 -0.00065838198696492	  0.00216120526637426	 -0.00194794546448335
-0.000367381397899991	 0.000918950050669358	 -0.00522554710636906	 0.000142527706937416
  0.00017331332806988	-0.000631197171484577	  0.00446993783023738	 -0.00177669601481276
-0.000238483965821578	-0.000179962396488801	 0.000232418177231321	 -0.00336676840376949
-0.000477216538575845	 4.42760741376569e-05	  -0.0155747903179414	 0.000592083532358853


