iteration: 1
eval(before): 2.10232e-05
del_phi.norm(): 7.94631e-06
PANDA LEFT
 0.000493181557810419	 0.000542350841410555	 -0.00312314184961785	  0.00145069229070818
-5.02289902087172e-05	-0.000295763454676697	 -0.00803853436140649	  0.00414121734182584
-0.000166679167142913	 -0.00114056836171771	 0.000359686871441095	 -0.00319033750322294
-8.03247876625538e-05	 0.000718438390429317	  -0.0057391066593377	  0.00185468511236673
-0.000585230249817493	-0.000290983075111099	  0.00924113671431065	  0.00119764300533549
-0.000358791046922649	-0.000277788888492858	  -0.0158636068906958	 -0.00536312857968159
-0.000559866739396955	 6.23800575768075e-05	   0.0292454741704051	   0.0011637614037756
PANDA RIGHT
  -0.0015293557120609	-0.000802629912636302	 -0.00370952674336664	 -0.00173626073055143
 0.000147440181324878	-0.000220940709940722	 -0.00398116050879883	  0.00304308507244456
-9.35710661397184e-05	-0.000951104748931082	  0.00191017851857534	 -0.00368628895207694
 0.000230576017976995	  0.00103546413288917	 2.96465604156449e-05	  0.00278894597322145
 -0.00138843353481494	-3.91955269733081e-05	   0.0137563660186399	 -0.00122688172903807
-0.000519849591828877	 0.000315252144967213	  -0.0140570650155034	 -0.00263301459001081
 -0.00103071356516984	 0.000134645030359322	  0.00490326543972524	  0.00048366151894392
PANDA TOP
-0.000157507617137895	 0.000554821755639619	  0.00122361254154667	 -0.00639873241197443
 -0.00032982078325875	-0.000141648188648084	-1.61456363463659e-05	  0.00158236629751707
 -0.00029579733430813	-0.000658473946337576	  0.00215862315151636	 -0.00194694953987025
-0.000367402000606005	 0.000918824941312838	 -0.00522489033511147	  0.00014273260019682
 0.000173371552602639	-0.000631261551770923	  0.00446972481667407	 -0.00177496991251549
-0.000238322250513654	-0.000180106982099446	 0.000232424269523205	 -0.00336619823536604
-0.000477294347745461	 4.42751999636092e-05	  -0.0155718245421987	 0.000591949610513204


iteration: 2
eval(before): 2.10167e-05
del_phi.norm(): 6.55216e-06
PANDA LEFT
 0.000492951704939467	 0.000542281244760423	 -0.00312235193232964	  0.00145072351280579
-5.01806159282444e-05	-0.000295667143502835	 -0.00803958803164961	  0.00414194220997033
-0.000166678638559028	 -0.00114032370881809	 0.000359530883651692	  -0.0031889437202206
-8.05935300705319e-05	 0.000718549148267158	 -0.00573903874490006	  0.00185423344745263
-0.000585210559194024	-0.000291269494363563	  0.00924182952781668	  0.00119760833141977
-0.000359135098172182	-0.000277759221097927	  -0.0158625152633428	 -0.00536355884095759
-0.000560107519310847	 6.23802816267295e-05	   0.0292446098326661	  0.00116369142843729
PANDA RIGHT
 -0.00152921589006982	-0.000802733435519053	 -0.00370866704385658	 -0.00173673784694972
 0.000147479344359936	-0.000220747880864869	 -0.00398239678785123	  0.00304242972130369
-9.32702287174036e-05	-0.000951485663823083	   0.0019117657204746	 -0.00368624776133558
 0.000230625784606407	  0.00103562668192109	 2.96491941478437e-05	  0.00278976002499389
 -0.00138817460255909	-3.91523034302965e-05	   0.0137580385699361	  -0.0012275737169028
-0.000519569828144064	 0.000315209008892924	  -0.0140565134754584	 -0.00263517448184716
 -0.00103067712481116	 0.000134648057254826	   0.0049014380807514	 0.000483131118236291
PANDA TOP
-0.000157626062336308	 0.000555208047140241	  0.00122186656717335	 -0.00639935190887437
-0.000329819603044086	 -0.00014153884253215	-1.51457343150996e-05	   0.0015827171784072
-0.000295727721750241	-0.000658560722831515	    0.002156469137532	 -0.00194609513805503
-0.000367420264284993	  0.00091868945140902	 -0.00522415454061611	 0.000142856994121895
 0.000173421588088248	-0.000631323847706663	  0.00446949300634229	 -0.00177363530685004
-0.000238171603279717	-0.000180260431723117	 0.000232404339100785	 -0.00336627462963712
-0.000477369959194387	 4.42743418152347e-05	  -0.0155697385364098	  0.00059183010167301


iteration: 3
eval(before): 2.10117e-05
del_phi.norm(): 5.71025e-06
PANDA LEFT
 0.000492723767676189	 0.000542208183650988	 -0.00312160443210831	  0.00145075809631762
-5.01220400287451e-05	-0.000295568538855723	 -0.00804063231159189	  0.00414265717503674
-0.000166666606468689	 -0.00114007438689813	 0.000359341792116849	 -0.00318755918038332
-8.08645136385036e-05	 0.000718645958926848	 -0.00573897889254578	  0.00185379427558213
-0.000585194814988368	-0.000291559358050977	  0.00924253971067555	  0.00119761020160512
-0.000359476542374806	 -0.00027774188117339	  -0.0158614334146659	  -0.0053638994872241
-0.000560351150279262	 6.23804994937431e-05	   0.0292438681904947	  0.00116362731171836
PANDA RIGHT
 -0.00152907329379439	 -0.00080283178371013	 -0.00370805145287304	 -0.00173720777014758
 0.000147530510747642	-0.000220562927798516	 -0.00398360807852366	  0.00304177813002443
-9.29581329966411e-05	-0.000951851690616137	  0.00191318152608812	 -0.00368611459076605
 0.000230668421181691	  0.00103580126568317	 2.97497126508325e-05	  0.00279060363103044
 -0.00138793160795143	-3.91152091503138e-05	   0.0137597190271993	 -0.00122810589681182
-0.000519294656011631	 0.000315180742693315	  -0.0140559706338096	 -0.00263688230529561
 -0.00103064592016821	 0.000134651069380295	  0.00490031818443931	 0.000482601525795539
PANDA TOP
-0.000157742124692499	  0.00055558792213983	  0.00122045557801831	 -0.00639995849431069
-0.000329816290840267	-0.000141430186360305	-1.41587997524692e-05	  0.00158310021677353
 -0.00029565546197797	-0.000658644637884012	  0.00215462589433448	  -0.0019453432400247
 -0.00036743660153515	  0.00091854763619006	   -0.005223365737137	 0.000142925164130409
 0.000173466580166883	-0.000631384609689068	  0.00446924930858419	 -0.00177258191769175
-0.000238030258340346	-0.000180419258250062	 0.000232362796873763	 -0.00336681142863316
-0.000477443944361216	 4.42734967969648e-05	   -0.015568282700358	 0.000591722014516207


iteration: 4
eval(before): 2.10076e-05
del_phi.norm(): 5.22496e-06
PANDA LEFT
  0.00049249819238723	 0.000542132130379678	 -0.00312088922256635	  0.00145079533902294
-5.00549427880021e-05	-0.000295468577721091	 -0.00804166646524479	  0.00414336166402143
-0.000166644884710143	 -0.00113982074490145	 0.000359128772431441	 -0.00318618621408795
-8.11365499780986e-05	 0.000718731164179866	 -0.00573892383388952	   0.0018533647901509
-0.000585183129399259	-0.000291851215771999	  0.00924326297714892	  0.00119764019981531
-0.000359816875781888	-0.000277734742560882	  -0.0158603594255143	 -0.00536417038933927
-0.000560596370062761	 6.23807122881849e-05	   0.0292432180121282	  0.00116356740531508
PANDA RIGHT
 -0.00152893041747174	-0.000802925344734037	 -0.00370761257244021	 -0.00173767191976525
 0.000147590967636628	-0.000220385447704563	  -0.0039848008149734	  0.00304112954614695
-9.26373150504792e-05	-0.000952206191637695	   0.0019144732522961	  -0.0036859156569259
 0.000230704048521253	  0.00103598545313829	 2.99200735216856e-05	  0.00279146666687171
 -0.00138770160279232	-3.90843788874462e-05	   0.0137614016347708	 -0.00122852258832179
-0.000519023711927584	 0.000315164737393794	  -0.0140554355167858	 -0.00263826418016357
 -0.00103062011045203	 0.000134654069070363	  0.00489970104995244	 0.000482072026812732
PANDA TOP
-0.000157856361585505	 0.000555961410244648	  0.00121928771050715	 -0.00640055485065009
-0.000329811785355426	-0.000141322756150295	-1.31836942776528e-05	  0.00158350599621319
-0.000295581621507995	-0.000658727276179516	  0.00215300874951907	 -0.00194466589209063
-0.000367451285998321	 0.000918402313800231	 -0.00522254252525074	 0.000142954476686744
 0.000173508707004107	-0.000631444201300059	  0.00446899862816104	 -0.00177173015496577
-0.000237896919694512	-0.000180581038547171	 0.000232302888741751	 -0.00336767483922068
-0.000477516683922105	 4.42726628011106e-05	  -0.0155672780428175	 0.000591623153956981


iteration: 5
eval(before): 2.10039e-05
del_phi.norm(): 4.95237e-06
PANDA LEFT
 0.000492275283657927	 0.000542053416370403	  -0.0031201987911595	  0.00145083475559666
-4.99806224990903e-05	-0.000295367946866125	  -0.0080426899691617	  0.00414405538479337
-0.000166614875769089	 -0.00113956311492875	 0.000358898611348822	 -0.00318482639126399
 -8.1408772302936e-05	 0.000718806545473563	 -0.00573887125029458	  0.00185294290729909
-0.000585175522522055	-0.000292144000832054	   0.0092439961271631	  0.00119769204761141
-0.000360157152050114	 -0.00027773619013718	  -0.0158592919466069	 -0.00536438638042474
-0.000560842252841415	 6.23809207946952e-05	   0.0292426361063014	  0.00116351048815812
PANDA RIGHT
 -0.00152878895049317	  -0.0008030144158488	 -0.00370730208097687	  -0.0017381313737587
 0.000147658710234924	-0.000220215033448391	  -0.0039859796186927	  0.00304048343614958
-9.23096637451548e-05	-0.000952551624622503	   0.0019156748424893	 -0.00368566973494665
 0.000230732884330835	  0.00103617741504049	 3.01402228755223e-05	  0.00279234187108042
 -0.00138748237639536	-3.90597779061747e-05	   0.0137630822632783	 -0.00122885553160092
 -0.00051875672277486	 0.000315159004912161	  -0.0140549073733779	 -0.00263941040934556
 -0.00103059969413354	 0.000134657058078625	  0.00489944075321035	 0.000481542091710972
PANDA TOP
-0.000157969148899922	 0.000556328601969739	  0.00121829689188148	 -0.00640114296051227
-0.000329806718831568	-0.000141216899022769	-1.22195701815328e-05	  0.00158392773797922
-0.000295506921171809	-0.000658809701270584	  0.00215155668354133	 -0.00194404305368267
-0.000367464495931639	  0.00091825542024618	 -0.00522169819197015	 0.000142957352641936
 0.000173549459409071	-0.000631502856799475	  0.00446874444394294	 -0.00177102268110245
-0.000237770627243089	-0.000180744107897241	 0.000232227012694568	 -0.00336876883759158
-0.000477588426107028	 4.42718382900711e-05	  -0.0155665962795338	 0.000591531907526537


iteration: 6
eval(before): 2.10004e-05
del_phi.norm(): 4.79816e-06
PANDA LEFT
 0.000492055242603312	 0.000541972272263052	 -0.00311952757929634	  0.00145087601829738
-4.99000995565918e-05	-0.000295267151282282	 -0.00804370246254418	  0.00414473823856765
-0.000166577682846848	  -0.0011393018141693	 0.000358656323152191	 -0.00318348073382865
 -8.1680547561782e-05	 0.000718873478583868	 -0.00573881951253406	  0.00185252707137802
 -0.00058517194916066	 -0.00029243692537057	   0.0092447367611168	  0.00119776105929348
-0.000360498105569732	-0.000277744978721553	  -0.0158582300343138	 -0.00536455854792927
-0.000561088117231274	 6.23811255646568e-05	   0.0292421052451108	  0.00116345564933519
PANDA RIGHT
 -0.00152865001213174	-0.000803099228599687	 -0.00370708531987281	 -0.00173858696028426
 0.000147732244769195	-0.000220051281990866	  -0.0039871478177395	  0.00303983942085185
-9.19765999106051e-05	-0.000952889796332926	  0.00191681065148245	 -0.00368539028277679
 0.000230755207819393	  0.00103637575819847	 3.03958203423143e-05	  0.00279322403680517
 -0.00138727225200331	-3.90412579824091e-05	   0.0137647579589042	 -0.00122912747643848
-0.000518493480709238	  0.00031516200873144	  -0.0140543856133514	 -0.00264038561276478
  -0.0010305845615184	 0.000134660037737106	  0.00489943330826436	 0.000481011327883626
PANDA TOP
-0.000158080736175902	 0.000556689628187307	  0.00121743562361877	 -0.00640172429696898
-0.000329801508203551	-0.000141112827453956	-1.12657863521556e-05	  0.00158436056372761
 -0.00029543183893066	-0.000658892610010376	   0.0021502257561229	 -0.00194346034622956
-0.000367476344983852	 0.000918108264808189	 -0.00522084221616916	 0.000142942671346493
  0.00017358984180562	-0.000631560721905518	  0.00446848921742036	 -0.00177041823505894
-0.000237650661017076	-0.000180907340237537	 0.000232136950560093	 -0.00337002451445845
-0.000477659328111994	 4.42710221381841e-05	     -0.0155661454498	 0.000591447086580565


iteration: 7
eval(before): 2.09972e-05
del_phi.norm(): 4.70652e-06
PANDA LEFT
 0.000491838194833161	 0.000541888856427357	 -0.00311887148427009	  0.00145091891214995
-4.98141906310198e-05	-0.000295166563437414	 -0.00804470370774427	  0.00414541025777154
-0.000166534189695094	 -0.00113903714596003	 0.000358405607560773	 -0.00318214987040914
-8.19514131334302e-05	 0.000718933043735974	 -0.00573876749002985	  0.00185211611309778
-0.000585172318462422	-0.000292729404896982	  0.00924548306988764	   0.0011978437352983
-0.000360840240028092	-0.000277760132588494	   -0.015857173032865	 -0.00536469519697542
-0.000561333460079458	 6.23813269822296e-05	   0.0292416126178299	   0.0011634022033041
PANDA RIGHT
 -0.00152851431962892	-0.000803179966413783	 -0.00370693740125394	 -0.00173903932328261
 0.000147810447396197	-0.000219893800448423	 -0.00398830781291417	  0.00303919723069366
-9.16392045370167e-05	-0.000953222044271414	   0.0019178981655678	 -0.00368508695917292
 0.000230771334163076	  0.00103657940715922	 3.06766093828224e-05	  0.00279410943433505
 -0.00138706994112256	-3.90285977096008e-05	   0.0137664266204416	 -0.00122935474651442
-0.000518233825013544	  0.00031517254299616	  -0.0140538697639342	 -0.00264123604029123
 -0.00103057453258072	 0.000134663009071242	  0.00489960457673509	 0.000480479445992613
PANDA TOP
-0.000158191285714494	 0.000557044645574325	  0.00121666975272673	 -0.00640229996162677
-0.000329796420114066	-0.000141010658475473	-1.03218500389727e-05	  0.00158480096341354
-0.000295356683201095	-0.000658976442766229	  0.00214898433370192	 -0.00194290744399432
 -0.00036748690376486	 0.000917961713253688	 -0.00521998134498009	 0.000142916774822927
  0.00017363051597127	  -0.0006316178825366	  0.00446823468369222	  -0.0017698871430164
-0.000237536472824704	-0.000181069990556409	 0.000232034037121855	 -0.00337139239838809
-0.000477729485324122	 4.42702135169784e-05	  -0.0155658595695615	 0.000591367810453579


iteration: 8
eval(before): 2.0994e-05
del_phi.norm(): 4.64675e-06
PANDA LEFT
 0.000491624210892708	 0.000541803275590488	 -0.00311822748533586	   0.0014509633021714
-4.97235616553421e-05	-0.000295066458767813	 -0.00804569355995238	  0.00414607156246836
-0.000166485117627711	 -0.00113876940035698	 0.000358149189672663	 -0.00318083414873824
-8.22210311523246e-05	 0.000718986104122601	 -0.00573871441123966	  0.00185170914632808
-0.000585176508205639	-0.000293021003892434	  0.00924623368054697	  0.00119793745875875
-0.000361183892312318	-0.000277780873765294	  -0.0158561204899507	 -0.00536480256722907
-0.000561577908730836	 6.23815253128589e-05	   0.0292411486842781	  0.00116334962883143
PANDA RIGHT
 -0.00152838230834316	-0.000803256777241264	 -0.00370684042600911	 -0.00173948896954608
 0.000147892463097173	-0.000219742210357892	 -0.00398946133707825	  0.00303855667445103
-9.12983106377247e-05	-0.000953549366889696	  0.00191894995135814	 -0.00368476670552328
 0.000230781596340833	   0.0010367875195675	 3.09752535044191e-05	  0.00279499539579835
 -0.00138687443911584	 -3.9021531255415e-05	   0.0137680867634412	 -0.00122954906931424
-0.000517977628986973	 0.000315189645970602	  -0.0140533594390943	 -0.00264199481273447
 -0.00103056938396464	 0.000134665972881861	  0.00489990167133635	 0.000479946235542754
PANDA TOP
-0.000158300900200825	 0.000557393826286612	   0.0012159747103082	 -0.00640287078413425
-0.000329791617138624	 -0.00014091044196456	-9.38737664563927e-06	  0.00158524641252198
-0.000295281644990412	-0.000659061461879968	  0.00214780964029461	  -0.0019423769255777
-0.000367496214857048	 0.000917816319033857	 -0.00521912036516727	 0.000142884186005765
 0.000173671903648186	 -0.00063167438496404	  0.00446798205929339	 -0.00176940807333446
-0.000237427637486204	-0.000181231582081472	 0.000231919283258562	 -0.00337283696104001
-0.000477798951842294	 4.42694118127352e-05	   -0.015565691244678	 0.000591293422604135


iteration: 9
eval(before): 2.09908e-05
del_phi.norm(): 4.60273e-06
PANDA LEFT
  0.00049141332124194	 0.000541715599471245	  -0.0031175933641914	  0.00145100910928797
-4.96287657674017e-05	 -0.00029496704133112	 -0.00804667194413773	  0.00414672232985326
-0.000166431066380989	 -0.00113849885434506	 0.000357889072652745	   -0.003179533716888
 -8.2489155440713e-05	 0.000719033362037123	 -0.00573865976219981	  0.00185130549324169
-0.000585184375258737	-0.000293311396507596	  0.00924698754298761	  0.00119804026912357
-0.000361529278589005	-0.000277806570749204	  -0.0158550720964516	 -0.00536488536503387
-0.000561821186525581	 6.23817207376001e-05	   0.0292407063263903	  0.00116329752506357
PANDA RIGHT
  -0.0015282542174977	-0.000803329782672092	  -0.0037067814983549	 -0.00173993630305656
 0.000147977633119128	-0.000219596150487063	 -0.00399060964074483	  0.00303791761711162
-9.09545691771342e-05	-0.000953872516976003	  0.00191997505006687	 -0.00368443451755282
 0.000230786332396433	  0.00103699942544668	 3.12865052770068e-05	  0.00279588001732264
  -0.0013866849502586	-3.90197686813094e-05	   0.0137697373494907	 -0.00122971888247776
-0.000517724790488472	 0.000315212537895285	  -0.0140528543176025	 -0.00264268566437116
 -0.00103056886808453	 0.000134668929804621	  0.00490028685507816	 0.000479411546184753
PANDA TOP
-0.000158409642132666	 0.000557737350669333	  0.00121533281222794	 -0.00640343739461679
-0.000329787190567312	-0.000140812181048944	-8.46206140562467e-06	  0.00158569509616373
-0.000295206834862578	-0.000659147807377386	  0.00214668527316922	 -0.00194186345320076
-0.000367504303166126	 0.000917672417077829	 -0.00521826265606506	 0.000142848123191078
  0.00017371425965964	-0.000631730249828314	  0.00446773219056019	 -0.00176896569845976
-0.000237323818060409	-0.000181391825640773	 0.000231793465376497	 -0.00337433268521128
 -0.00047786775479512	 4.42686165664759e-05	  -0.0155656064040265	 0.000591223429759376


iteration: 10
eval(before): 2.09878e-05
del_phi.norm(): 4.56631e-06
PANDA LEFT
  0.00049120552725453	 0.000541625871281992	 -0.00311696749639668	   0.0014510562930666
-4.95302706083105e-05	-0.000294868462396738	 -0.00804763883736332	  0.00414736277311055
-0.000166372543474188	  -0.0011382257721269	  0.00035762672525995	 -0.00317824858227974
-8.27556075143025e-05	 0.000719075399139725	 -0.00573860321291413	  0.00185090462965324
-0.000585195763226251	 -0.00029360033806381	  0.00924774384701842	  0.00119815069359811
-0.000361876527671663	-0.000277836701692501	  -0.0158540276435225	 -0.00536494715820512
-0.000562063087785038	 6.23819133781084e-05	   0.0292402802207772	  0.00116324557993581
PANDA RIGHT
 -0.00152813015123765	-0.000803399084527738	 -0.00370675130749993	 -0.00174038164962589
 0.000148065442798646	-0.000219455278509423	 -0.00399175362515103	  0.00303727996420432
-9.06084965179887e-05	 -0.00095419206873521	  0.00192097997514006	 -0.00368409399609081
 0.000230785876710208	  0.00103721458350618	 3.16066123114232e-05	  0.00279676194546835
 -0.00138650083376217	-3.90230101041822e-05	     0.01377137766272	 -0.00122987026654356
-0.000517475225116138	 0.000315240576165157	  -0.0140523541272513	 -0.00264332561477549
 -0.00103057272645885	 0.000134671880352877	  0.00490073320524428	 0.000478875273747229
PANDA TOP
-0.000158517547411526	 0.000558075402227018	  0.00121473132283753	 -0.00640400027570861
-0.000329783183559524	-0.000140715846800195	-7.54565896264955e-06	  0.00158614571066862
-0.000295132309043865	-0.000659235536399642	  0.00214559941573463	 -0.00194136318514567
-0.000367511182987223	 0.000917530190731215	 -0.00521741058631219	 0.000142810868736626
 0.000173757723887125	-0.000631785481821827	   0.0044674856595576	 -0.00176854901198819
-0.000237224741051443	-0.000181550562151743	 0.000231657190100133	 -0.00337586124812153
-0.000477935904254568	 4.42678274311375e-05	  -0.0155655805384105	 0.000591157457756759


iteration: 11
eval(before): 2.09848e-05
del_phi.norm(): 4.53346e-06
PANDA LEFT
 0.000491000809311392	 0.000541534115444823	 -0.00311634869595411	  0.00145110483919122
-4.94284780540759e-05	-0.000294770833968695	 -0.00804859425584271	  0.00414799312660481
-0.000166309985441529	 -0.00113795040525604	 0.000357363221103424	 -0.00317697865433951
-8.30202591263616e-05	 0.000719112705490392	 -0.00573854456391135	  0.00185050614552058
-0.000585210508001788	-0.000293887644336298	  0.00924850196104398	  0.00119826762128741
-0.000362225705063626	-0.000277870827890547	  -0.0158529869918737	 -0.00536499066898146
-0.000562303459624541	 6.23821033145527e-05	   0.0292398663744934	  0.00116319354740731
PANDA RIGHT
  -0.0015280101220311	 -0.00080346476965956	 -0.00370674311391083	 -0.00174082527507216
 0.000148155483974656	-0.000219319271830198	 -0.00399289393872214	  0.00303664365056791
-9.02605086558031e-05	-0.000954508466001739	  0.00192196942684365	 -0.00368374774120555
 0.000230780554152812	  0.00103743254957636	 3.19328925269285e-05	  0.00279764022371795
 -0.00138632156481985	 -3.9030955435724e-05	   0.0137730072208192	 -0.00123000761195228
-0.000517228861292317	 0.000315273222868935	  -0.0140518586333152	 -0.00264392687829406
 -0.00103058069890655	  0.00013467482494833	  0.00490122152572037	  0.00047833734932979
PANDA TOP
-0.000158624634802589	 0.000558408164048614	  0.00121416106387099	 -0.00640455980085496
-0.000329779607440928	-0.000140621388801397	-6.63796834254793e-06	  0.00158659732056852
-0.000295058087785792	-0.000659324651021417	  0.00214454355138982	 -0.00194087335430928
-0.000367516862767202	 0.000917389719439657	 -0.00521656579883145	 0.000142774033579979
 0.000173802358135161	-0.000631840076308947	  0.00446724285973641	 -0.00176815011711702
-0.000237130178754648	-0.000181707721655505	    0.000231510941016	 -0.00337740950083588
-0.000478003400046464	  4.4267044140379e-05	  -0.0155655960093252	 0.000591095219483372


iteration: 12
eval(before): 2.09818e-05
del_phi.norm(): 4.50228e-06
PANDA LEFT
 0.000490799132776181	 0.000541440342949034	   -0.003115736100188	  0.00145115475063521
-4.93237385390896e-05	-0.000294674238669469	 -0.00804953824500451	  0.00414861363583222
-0.000166243773269314	 -0.00113767299283303	 0.000357099341821205	 -0.00317572377515443
-8.32830194902966e-05	 0.000719145700552881	 -0.00573848370774136	  0.00185010971601723
 -0.00058522844183113	-0.000294173176435562	  0.00924926138737484	   0.0011983902100587
 -0.00036257683055693	-0.000277908574595066	  -0.0158519500500904	 -0.00536501799104355
-0.000562542188671568	 6.23822905981685e-05	   0.0292394617821232	  0.00116314123105755
PANDA RIGHT
 -0.00152789408137028	-0.000803526913446065	 -0.00370675202395957	 -0.00174126739886669
 0.000148247427831351	-0.000219187827775201	 -0.00399403104598307	  0.00303600863214547
-8.99109459972917e-05	-0.000954822056943529	  0.00192294680373327	 -0.00368339763410884
  0.00023077067636329	  0.00103765295368064	 3.22634300970119e-05	  0.00279851418208218
 -0.00138614670637513	-3.90433108904214e-05	   0.0137746257104807	 -0.00123013409634407
-0.000516985636729263	 0.000315310021125383	  -0.0140513676303124	 -0.00264449822882684
 -0.00103059252972163	 0.000134677763943877	  0.00490173814421725	 0.000477797731115757
PANDA TOP
-0.000158730912443705	 0.000558735816451682	  0.00121361541545125	 -0.00640511626202741
-0.000329776453089798	-0.000140528742720286	-5.73882210994535e-06	  0.00158704925586833
-0.000294984168199431	-0.000659415117739988	  0.00214351153816945	 -0.00194039196584436
-0.000367521348236822	 0.000917251012577471	 -0.00521572941543221	 0.000142738747183491
 0.000173848172149473	-0.000631894023776291	  0.00446700405003053	  -0.0017677633545997
-0.000237039936693655	-0.000181863294268296	 0.000231355112417905	 -0.00337896801746908
-0.000478070236350916	 4.42662664862443e-05	  -0.0155656401197351	 0.000591036491490237


iteration: 13
eval(before): 2.09789e-05
del_phi.norm(): 4.47189e-06
PANDA LEFT
 0.000490600452406647	 0.000541344555508191	 -0.00311512908392315	  0.00145120604126302
-4.92163615731234e-05	-0.000294578736969322	 -0.00805047087234057	  0.00414922455052488
  -0.0001661742436943	 -0.00113739376178204	 0.000356835653591037	 -0.00317448374173083
 -8.3543825932238e-05	 0.000719174748480132	 -0.00573842060120901	  0.00184971508047585
 -0.00058524939620844	-0.000294456829733418	   0.0092500217289774	  0.00119851781670472
-0.000362929890938734	-0.000277949617033841	  -0.0158509167590736	  -0.0053650307503526
 -0.00056277919133722	 6.23824752609267e-05	   0.0292390641719365	  0.00116308847213505
PANDA RIGHT
 -0.00152778194144023	-0.000803585582376679	 -0.00370677447033241	 -0.00174170820399788
 0.000148341005231396	-0.000219060663332648	 -0.00399516527752927	  0.00303537488019759
-8.95600913774671e-05	-0.000955133119106327	  0.00192391456919174	  -0.0036830450391599
 0.000230756539506779	  0.00103787548331725	 3.25968576246034e-05	  0.00279938335768819
 -0.00138597588857965	-3.90597932238235e-05	   0.0137762329408822	 -0.00123025202618349
-0.000516745495881771	 0.000315350577737316	  -0.0140508809359111	  -0.0026450459769713
  -0.0010306079717239	 0.000134680697639568	  0.00490227333884462	  0.00047725639811176
PANDA TOP
 -0.00015883638229775	 0.000559058535362067	  0.00121308959772438	 -0.00640566988993531
-0.000329773698854303	-0.000140437835720877	-4.84807818559034e-06	   0.0015875010378237
  -0.0002949105331696	 -0.00065950688108752	  0.00214249894319865	 -0.00193991757975926
-0.000367524644437328	 0.000917114033402459	 -0.00521490218397996	  0.00014270579378956
 0.000173895141927542	-0.000631947312782791	  0.00446676939368961	 -0.00176738467516151
-0.000236953844679267	 -0.00018201730962465	 0.000231190033661538	 -0.00338053005185557
-0.000478136404777732	 4.42654943031889e-05	  -0.0155657037289967	 0.000590981097044857


iteration: 14
eval(before): 2.09761e-05
del_phi.norm(): 4.44196e-06
PANDA LEFT
 0.000490404715628319	 0.000541246748240953	 -0.00311452719623098	   0.0014512587314506
-4.91066234587259e-05	-0.000294484372528481	 -0.00805139222177838	  0.00414982611993618
-0.000166101697546913	 -0.00113711292712389	 0.000356572564055707	 -0.00317325832188803
-8.38026369685251e-05	 0.000719200169335189	 -0.00573835524522757	  0.00184932202698015
-0.000585273203997806	  -0.0002947385256756	  0.00925078266506306	  0.00119864994551397
  -0.0003632848493798	-0.000277993670174001	  -0.0158498870810983	 -0.00536503022440569
-0.000563014406645132	 6.23826573215117e-05	   0.0292386718184288	  0.00116303514086828
PANDA RIGHT
 -0.00152767359027199	-0.000803640835947558	 -0.00370680783993055	 -0.00174214784464672
 0.000148435992412577	-0.000218937514571591	 -0.00399629686643476	  0.00303474237702814
-8.92081832036773e-05	-0.000955441877495847	  0.00192487451448307	 -0.00368269094885561
 0.000230738423122533	  0.00103809987116314	 3.29322002695374e-05	  0.00280024743746728
 -0.00138580879377708	-3.90801323122206e-05	   0.0137778288097478	 -0.00123036308165367
-0.000516508388130843	 0.000315394550353294	  -0.0140503983864334	 -0.00264557466902249
 -0.00103062678875478	 0.000134683626294836	     0.00490282021281	  0.00047671334516084
PANDA TOP
-0.000158941043128325	 0.000559376491317849	  0.00121258015405569	 -0.00640622086910846
-0.000329771315976814	-0.000140348590305668	-3.96561376717072e-06	  0.00158795232529917
-0.000294837157455765	-0.000659599872997678	  0.00214150256296666	 -0.00193944915493797
-0.000367526756952532	  0.00091697871588327	 -0.00521408458433122	 0.000142675710570035
 0.000173943222475282	-0.000631999931839658	  0.00446653898582712	 -0.00176701118738311
-0.000236871750476513	-0.000182169822448621	 0.000231015986767424	 -0.00338209078737725
-0.000478201896348759	 4.42647274560183e-05	  -0.0155657802575225	 0.000590928893641779


