iteration: 1
eval(before): 2.09192e-05
del_phi.norm(): 1.90716e-05
PANDA LEFT
  0.00048605016861386	 0.000537712505414415	 -0.00309986946844351	   0.0014532785303988
-4.58503652971404e-05	-0.000292399040589625	 -0.00807245199254183	  0.00416327460217513
-0.000163614333292405	 -0.00112949671324091	 0.000349986158007412	 -0.00314477128384023
-9.00432908630234e-05	 0.000719151318115278	 -0.00573595036360556	  0.00183900983675289
-0.000586513470816626	-0.000301526227492716	  0.00927110998095577	  0.00120326027110216
-0.000373203639157151	-0.000279735739781715	  -0.0158233345170863	  -0.0053618103918282
-0.000568646131386206	 6.23865675777767e-05	   0.0292282401461988	  0.00116122090495242
PANDA RIGHT
 -0.00152579642617604	-0.000803786946890818	 -0.00370939095894666	 -0.00175380785251334
 0.000151316452235249	-0.000216677301899917	 -0.00402593974099568	  0.00301815319851561
-7.96843028658448e-05	-0.000962872178173397	  0.00194943534998786	  -0.0036733684105624
 0.000229333289768114	  0.00104437423162264	 4.19563393876789e-05	  0.00282164904128948
 -0.00138246202602197	-4.04822949421589e-05	   0.0138169563646402	 -0.00123229090897306
-0.000511498220132094	 0.000317347781701097	  -0.0140386081967607	 -0.00265665428635889
 -0.00103187725477078	 0.000134760028856445	  0.00491691152661736	 0.000461485059534169
PANDA TOP
-0.000161458359952735	 0.000566308014621694	  0.00120201195905381	 -0.00642035356733273
-0.000329795974345915	-0.000138277392439533	 1.70641152713091e-05	  0.00159972139645469
-0.000292924082108222	-0.000662404176228047	  0.00211797631514012	 -0.00192815342110465
 -0.00036721590010347	 0.000913593171497569	  -0.0051954812442096	  0.00014311532892425
 0.000175443999516788	-0.000633213635960552	  0.00446174366956192	 -0.00175675376204616
-0.000236085523720972	-0.000186008413770257	 0.000223596887532219	 -0.00342022256290128
-0.000479751811311791	  4.4246503672344e-05	  -0.0155674169863503	 0.000590442953012808


iteration: 2
eval(before): 2.09088e-05
del_phi.norm(): 1.85738e-05
PANDA LEFT
 0.000485399285995176	 0.000536870691100251	 -0.00309748159343678	  0.00145378472303832
-4.52690070723783e-05	-0.000292102749860164	 -0.00807565047804723	  0.00416531100188019
-0.000163131279520645	 -0.00112815772059543	 0.000348866040033022	 -0.00314028929395269
-9.10586477367128e-05	 0.000719071210553322	 -0.00573541658550469	  0.00183713590951159
-0.000586787080295466	-0.000302616129912019	  0.00927478686729416	  0.00120426543928467
-0.000375043562525623	-0.000280099158498379	  -0.0158186662495216	 -0.00536072879391215
-0.000569546236226765	 6.23871007144654e-05	   0.0292262553677122	  0.00116079640903016
PANDA RIGHT
 -0.00152560544965017	-0.000803562312885577	 -0.00371005938611362	 -0.00175594762795936
 0.000151873730715003	-0.000216405099519973	 -0.00403121644691339	  0.00301518790216055
-7.79640358291277e-05	 -0.00096409076832959	  0.00195378289441962	 -0.00367173224007389
 0.000228970471022583	  0.00104552892209201	 4.35953955473101e-05	  0.00282525585164023
 -0.00138201501344355	-4.08317032845859e-05	   0.0138234587643016	 -0.00123250978016935
-0.000510839208831197	 0.000317794027691638	  -0.0140366308358514	 -0.00265825023989805
 -0.00103218719662588	  0.00013477362074805	  0.00491926447906495	 0.000458576885413179
PANDA TOP
-0.000161866372859882	  0.00056732458500447	  0.00120056705569085	 -0.00642283751385729
-0.000329811536241309	-0.000137921601730354	  2.0413496870267e-05	  0.00160181230860016
-0.000292581039492432	-0.000662955476941246	  0.00211418993543916	 -0.00192629587797723
  -0.0003670979513584	  0.00091297904294531	 -0.00519264910153629	  0.00014342022853814
 0.000175737064975163	-0.000633403150040359	  0.00446110809916055	 -0.00175477339786453
-0.000236180039702176	-0.000186696505882235	 0.000221765551064495	 -0.00342641090082566
 -0.00048000085950034	 4.42436322444682e-05	  -0.0155674719960173	 0.000590509288797522


iteration: 3
eval(before): 2.08988e-05
del_phi.norm(): 1.81094e-05
PANDA LEFT
  0.00048478481103768	 0.000535989178206078	 -0.00309518412800951	  0.00145432850465558
-4.47073210598727e-05	-0.000291829033411911	 -0.00807865940617117	  0.00416724275088293
-0.000162659695695507	 -0.00112684783781204	 0.000347776332815973	   -0.003136010449016
-9.20373139193536e-05	 0.000718983468559752	 -0.00573486640651772	  0.00183526689944501
-0.000587060289001536	-0.000303660011420484	  0.00927842608469181	  0.00120529680513952
-0.000376884077164655	-0.000280464798411133	  -0.0158140756129336	 -0.00535954468321137
-0.000570407397151101	 6.23875850385428e-05	   0.0292242383776274	   0.0011603429322383
PANDA RIGHT
 -0.00152545016916337	-0.000803298377668819	 -0.00371075941310224	 -0.00175808564814105
  0.00015241204791843	-0.000216149148895942	 -0.00403641842069799	  0.00301225500589748
-7.62680192822126e-05	-0.000965314100776982	  0.00195807373058668	 -0.00367013464231866
 0.000228598269156143	  0.00104667763846868	 4.52220484364355e-05	    0.002828766882927
 -0.00138156425664621	-4.11898770271234e-05	   0.0138297523817203	 -0.00123269370785643
-0.000510206808587226	 0.000318240654159488	  -0.0140347010916108	 -0.00265972326414903
 -0.00103250576970004	 0.000134787176747904	  0.00492156141208118	 0.000455654260597304
PANDA TOP
-0.000162260424800249	 0.000568319436334814	  0.00119925188521412	 -0.00642528409595535
-0.000329826471783946	-0.000137570819150525	 2.35992868787921e-05	  0.00160387542697275
  -0.0002922382352181	-0.000663506147492889	  0.00211055453659944	 -0.00192450036255675
-0.000366963232772057	 0.000912370887626085	 -0.00518997246928002	 0.000143783873476632
 0.000176032768068369	 -0.00063357957842535	    0.004460542008343	 -0.00175276682700087
-0.000236302076578008	-0.000187377426210876	 0.000219822883180286	 -0.00343235380672003
-0.000480237115801737	 4.42408343392198e-05	  -0.0155674539990049	 0.000590616836662544


iteration: 4
eval(before): 2.08893e-05
del_phi.norm(): 1.76746e-05
PANDA LEFT
 0.000484203617722508	 0.000535066590239469	 -0.00309297617470587	  0.00145490618348712
-4.41660108650837e-05	-0.000291575559083337	 -0.00808149040569699	  0.00416908052458688
-0.000162200585948542	 -0.00112556859966818	 0.000346713538305245	  -0.0031319196674158
-9.29827507984993e-05	 0.000718888588234594	 -0.00573430204193536	  0.00183340259269449
-0.000587328991422865	-0.000304661389733015	  0.00928202739709445	  0.00120635020212466
 -0.00037871941892387	-0.000280832122052342	  -0.0158095585398646	 -0.00535826500525708
-0.000571232896403909	 6.23880236232231e-05	    0.029222201548513	  0.00115986153010262
PANDA RIGHT
 -0.00152532728391141	-0.000802994056487436	 -0.00371148628166686	 -0.00176022029478103
 0.000152932847911393	-0.000215908288348501	 -0.00404154142673905	   0.0030093551854943
-7.45956615769242e-05	-0.000966539793871287	  0.00196230899028665	 -0.00366857441498268
 0.000228217951498251	  0.00104782060968095	 4.68356479025034e-05	   0.0028321897334148
 -0.00138111148750892	-4.15554832215481e-05	   0.0138358484993534	 -0.00123284464779056
-0.000509601751076207	 0.000318688234347273	  -0.0140328164556844	 -0.00266108676234552
 -0.00103283171778296	 0.000134800698238942	  0.00492380241321357	 0.000452721235270066
PANDA TOP
 -0.00016264163083324	 0.000569292557879613	  0.00119806000035292	 -0.00642769527986293
-0.000329841106278322	-0.000137224059342694	 2.66279327141201e-05	  0.00160591164666508
 -0.00029189603689089	-0.000664056283253925	  0.00210706473138485	 -0.00192276452579694
-0.000366813308042425	 0.000911767860037738	 -0.00518743724180708	 0.000144198425790699
 0.000176331776415745	-0.000633744123539485	  0.00446003784052995	 -0.00175073933384092
-0.000236447289141968	-0.000188051683397659	 0.000217780357987003	 -0.00343806831481079
-0.000480461727444479	 4.42381064715675e-05	  -0.0155673736897984	 0.000590760236318433


iteration: 5
eval(before): 2.08803e-05
del_phi.norm(): 1.72666e-05
PANDA LEFT
 0.000483653083749359	 0.000534102467646853	 -0.00309085346169967	  0.00145551486414279
-4.36455799008672e-05	-0.000291340380600474	  -0.0080841546208443	  0.00417083411619802
-0.000161754748340486	 -0.00112432078648418	 0.000345677304140293	 -0.00312800357322975
-9.38978554091779e-05	 0.000718787047373339	 -0.00573372518351296	  0.00183154314822761
-0.000587590105508202	-0.000305623269443155	   0.0092855905436629	  0.00120741899464357
-0.000380545061175094	 -0.00028120064473797	  -0.0158051114282687	 -0.00535690202186688
-0.000572025516475182	 6.23884193722263e-05	   0.0292201477010671	  0.00115935378350022
PANDA RIGHT
 -0.00152523386587131	-0.000802648984665598	 -0.00371223643981604	 -0.00176235037644031
  0.00015343724804574	-0.000215681460005369	 -0.00404658225882006	  0.00300648883373713
-7.29465180197846e-05	-0.000967765994186749	  0.00196648915948103	 -0.00366705019933788
 0.000227830662894573	  0.00104895794521837	 4.84358543643549e-05	  0.00283553100129356
 -0.00138065800030637	-4.19273401309077e-05	   0.0138417571904287	 -0.00123296388978994
-0.000509024415793328	 0.000319137114239733	  -0.0140309746779523	 -0.00266235139150027
 -0.00103316393802862	 0.000134814186562229	  0.00492599029765501	 0.000449781134985042
PANDA TOP
-0.000163010869984307	 0.000570243967214359	  0.00119698267637241	 -0.00643007264422693
-0.000329855624613143	-0.000136880551108373	 2.95056017223095e-05	  0.00160792173592715
-0.000291554643537664	-0.000664605852722585	  0.00210371306831514	 -0.00192108519075707
-0.000366649423493722	  0.00091116928197907	 -0.00518503104465198	 0.000144657612870724
 0.000176634565407058	-0.000633897718361119	  0.00445958928593429	 -0.00174869346285475
-0.000236611958219245	-0.000188719692420714	 0.000215648543369908	 -0.00344356638554593
-0.000480675589153823	 4.42354452818201e-05	  -0.0155672356444831	  0.00059093496028483


iteration: 6
eval(before): 2.08717e-05
del_phi.norm(): 1.68826e-05
PANDA LEFT
 0.000483130976435096	 0.000533097056852097	 -0.00308881256398111	  0.00145615206060147
-4.31463352102326e-05	-0.000291121835940844	 -0.00808666268803556	  0.00417251234044533
-0.000161322774448397	 -0.00112310457947686	 0.000344666662886441	 -0.00312424992771868
 -9.4785100975122e-05	 0.000718679260795057	 -0.00573313751795907	  0.00182968899821068
-0.000587841362368099	-0.000306548275009618	  0.00928911569871706	  0.00120849782532394
-0.000382357445657392	-0.000281569965158329	   -0.015800731090943	 -0.00535546562450167
  -0.0005727876666238	 6.23887750534016e-05	   0.0292180812467066	  0.00115882136416905
PANDA RIGHT
 -0.00152516733177333	-0.000802263349977992	 -0.00371300645614692	 -0.00176447489029702
 0.000153926136962667	-0.000215467745520635	 -0.00405153847431515	  0.00300365617706948
-7.13202233211365e-05	  -0.0009689912437677	  0.00197061490714615	 -0.00366556080067522
 0.000227437389392072	  0.00105008971116359	 5.00222811783786e-05	  0.00283879654936928
   -0.001380204786329	-4.23044475657116e-05	   0.0138474876968439	 -0.00123305281059098
-0.000508474902444805	 0.000319587523152347	  -0.0140291736731893	 -0.00266352731800786
 -0.00103350150393054	 0.000134827643001918	  0.00492812695888137	 0.000446836904681825
PANDA TOP
 -0.00016336885869867	 0.000571173694751863	  0.00119601224242035	  -0.0064324174965585
-0.000329870131030077	-0.000136539690011606	 3.22382232903805e-05	  0.00160990651992847
-0.000291214155594971	 -0.00066515477214573	  0.00210049301059864	 -0.00191945945641047
 -0.00036647259734662	 0.000910574654148517	 -0.00518274253954209	  0.00014515581793222
 0.000176941497671156	  -0.0006340411086524	  0.00445919077860434	 -0.00174663191254407
-0.000236792874251326	-0.000189381754915724	 0.000213437019579259	 -0.00344885991964576
-0.000480879420404766	  4.4232847530899e-05	  -0.0155670451218129	 0.000591137075510871


iteration: 7
eval(before): 2.08634e-05
del_phi.norm(): 1.65205e-05
PANDA LEFT
 0.000482635358271691	 0.000532051149424998	 -0.00308685002656461	  0.00145681553418601
-4.26684337988463e-05	-0.000290918482387189	 -0.00808902458455624	  0.00417412313315028
-0.000160905096828408	 -0.00112191971060285	 0.000343680785936394	 -0.00312064764067505
-9.56466331561535e-05	 0.000718565611974932	 -0.00573254058833053	  0.00182784061367207
-0.000588081130288466	-0.000307438736885849	  0.00929260312247045	  0.00120958182762479
-0.000384153783713283	-0.000281939732812652	  -0.0157964146643257	 -0.00535396499506133
-0.000573521466568943	 6.23890932976777e-05	   0.0292160058135554	  0.00115826590846425
PANDA RIGHT
 -0.00152512538900674	-0.000801837768408317	 -0.00371379331444216	 -0.00176659297232882
  0.00015440022276666	-0.000215266338798212	 -0.00405640826226899	  0.00300085732929556
-6.97164750783596e-05	-0.000970214396004821	  0.00197468688315431	 -0.00366410504257306
 0.000227038987995847	   0.0010512159314376	  5.1594644567292e-05	  0.00284199164078496
 -0.00137975259462658	-4.26859515849188e-05	   0.0138530485577747	 -0.00123311268270791
-0.000507953095691177	 0.000320039591148511	  -0.0140274114911105	 -0.00266462365391237
 -0.00103384363086977	 0.000134841068774177	  0.00493021447571151	 0.000443891179083403
PANDA TOP
-0.000163716200691472	 0.000572081784382831	  0.00119514145660277	 -0.00643473099889443
 -0.00032988468011743	-0.000136200986489101	 3.48315490644222e-05	   0.0016118667744491
-0.000290874611812404	-0.000665702938164492	  0.00209739832372628	 -0.00191788455737921
-0.000366283684859973	 0.000909983618718681	 -0.00518056144194616	 0.000145688031842567
 0.000177252852112415	-0.000634174910599867	   0.0044588373524054	 -0.00174455704163095
-0.000236987253942393	-0.000190038083301974	 0.000211154487026628	 -0.00345395991839954
-0.000481073819175788	 4.42303101115633e-05	  -0.0155668068616171	 0.000591363088023476


iteration: 8
eval(before): 2.08555e-05
del_phi.norm(): 1.61781e-05
PANDA LEFT
 0.000482164522669022	 0.000530965950789963	 -0.00308496255392944	  0.00145750322619902
-4.22119092203897e-05	 -0.00029072904873799	 -0.00809124963918396	   0.0041756736238929
-0.000160502015330445	 -0.00112076557338419	 0.000342718813227601	  -0.0031171866471324
-9.64843400828529e-05	 0.000718446459919613	 -0.00573193582574774	  0.00182599845876138
-0.000588308281113282	-0.000308296754032364	  0.00929605313606366	  0.00121066674399634
-0.000385931902529114	-0.000282309637684476	  -0.0157921595650979	 -0.00535240834590155
-0.000574228807600567	 6.23893766035409e-05	   0.0292139247587638	  0.00115768896860152
PANDA RIGHT
 -0.00152510599279291	-0.000801373182615502	 -0.00371459429543274	 -0.00176870385987591
 0.000154860076812422	-0.000215076531161747	  -0.0040611903461225	  0.00299809231812086
-6.81350134147292e-05	-0.000971434545444095	  0.00197870578297048	 -0.00366268179234357
  0.00022663620324474	  0.00105233660106124	 5.31527309575109e-05	  0.00284512102213079
 -0.00137930198736691	-4.30711235828781e-05	   0.0138584477039352	 -0.00123314473868581
-0.000507458713992207	 0.000320493375741727	   -0.014025686298998	 -0.00266564871273754
  -0.0010341896549622	 0.000134854465025132	  0.00493225481346174	 0.000440946344558068
PANDA TOP
-0.000164053418732029	 0.000572968293508803	  0.00119436357528272	 -0.00643701420483994
-0.000329899296078895	-0.000135864034378643	 3.72911633405241e-05	  0.00161380322426288
-0.000290536012543807	 -0.00066625024598673	  0.00209442313704437	 -0.00191635789805485
 -0.00036608342102021	 0.000909395932313405	 -0.00517847841297366	 0.000146249751383432
 0.000177568844049367	-0.000634299647874455	  0.00445852454814308	 -0.00174247098291789
-0.000237192676070855	-0.000190688818033122	  0.00020880883762733	 -0.00345887668075625
-0.000481259296461203	 4.42278300551986e-05	  -0.0155665252985029	 0.000591609875965496


iteration: 9
eval(before): 2.0848e-05
del_phi.norm(): 1.58538e-05
PANDA LEFT
  0.00048171694697817	 0.000529842975256032	   -0.003083146966412	  0.00145821322524515
-4.17766947515793e-05	-0.000290552401518837	 -0.00809334655866467	  0.00417717021308242
-0.000160113720157709	 -0.00111964131079922	 0.000341779889708272	 -0.00311385781404217
-9.72999029970534e-05	 0.000718322146344332	 -0.00573132455494971	  0.00182416296699434
-0.000588522084783322	-0.000309124238145901	  0.00929946608825804	  0.00121174883710479
-0.000387690126114618	 -0.00028267940044786	  -0.0157879634522771	 -0.00535080308192599
-0.000574911396329878	  6.2389627339523e-05	   0.0292118410888977	  0.00115709200218314
PANDA RIGHT
 -0.00152510730936438	-0.000800870780798984	 -0.00371540697151925	 -0.00177080687200995
 0.000155306166011958	-0.000214897695301649	 -0.00406588390439283	  0.00299536109988373
-6.65756075721571e-05	-0.000972650974638532	  0.00198267232949107	  -0.0036612899523134
 0.000226229684671038	  0.00105345169324018	 5.46963980322145e-05	  0.00284818898768092
 -0.00137885338014445	 -4.3459339310316e-05	   0.0138636925231165	 -0.00123315015721872
-0.000506991348563721	 0.000320948878637476	  -0.0140239963713944	 -0.00266661003780773
 -0.00103453901242937	 0.000134867832825823	  0.00493424989824105	 0.000438004571563593
PANDA TOP
-0.000164380975927766	 0.000573833293681129	  0.00119367230393081	  -0.0064392680800744
-0.000329913984245647	-0.000135528488417546	 3.96224856935097e-05	  0.00161571654017253
-0.000290198333919484	-0.000666796598059715	  0.00209156190425667	 -0.00191487704091498
-0.000365872450193829	 0.000908811441138853	  -0.0051764849747279	 0.000146836924253938
 0.000177889637060538	-0.000634415776740272	  0.00445824835438824	 -0.00174037565763893
-0.000237407031020109	-0.000191334044356702	 0.000206407226074031	 -0.00346361981321071
-0.000481436299594025	 4.42254045319988e-05	  -0.0155662045432588	 0.000591874644385002


iteration: 10
eval(before): 2.08407e-05
del_phi.norm(): 1.55459e-05
PANDA LEFT
 0.000481291258154711	 0.000528683961366766	 -0.00308140020472012	  0.00145894375048889
-4.13626417160397e-05	-0.000290387520247646	 -0.00809532346586779	  0.00417861864265788
-0.000159740310020815	 -0.00111854588481736	 0.000340863158494859	 -0.00311065284906232
-9.80948336948408e-05	 0.000718192999732088	 -0.00573070800747506	   0.0018223345355541
-0.000588722125979065	-0.000309922945773227	  0.00930284234859123	   0.0012128248454921
-0.000389427181734925	-0.000283048766074851	  -0.0157838241940529	 -0.00534915587411247
-0.000575570786843645	  6.2389847747951e-05	    0.029209757520414	  0.00115647637233463
PANDA RIGHT
 -0.00152512768480854	-0.000800331931490321	 -0.00371622917502188	 -0.00177290139849129
 0.000155738878151511	-0.000214729271328868	  -0.0040704885076263	  0.00299266357086155
-6.50380455651234e-05	-0.000973863112423751	  0.00198658727048659	 -0.00365992846372281
 0.000225820002029102	  0.00105456116523928	 5.62255647588524e-05	  0.00285119942979339
 -0.00137840707356724	-4.38500609082851e-05	   0.0138687899111406	 -0.00123313006873589
-0.000506550494281668	 0.000321406058865215	  -0.0140223400833708	 -0.00266751447931953
  -0.0010348912219819	 0.000134881173178707	  0.00493620159405318	 0.000435067837843622
PANDA TOP
-0.000164699289778077	 0.000574676871110721	  0.00119306177125328	 -0.00644149351446321
-0.000329928737740094	-0.000135194048751772	 4.18307696898342e-05	   0.0016176073410726
-0.000289861536330516	-0.000667341907160751	  0.00208880938968388	 -0.00191343969780957
-0.000365651346649384	 0.000908230059896202	 -0.00517457342763443	 0.000147445902301926
 0.000178215350344671	-0.000634523702858023	   0.0044580051603938	 -0.00173827280673905
-0.000237628479946041	 -0.00019197380675404	  0.00020395613468129	 -0.00346819827015069
-0.000481605227813565	 4.42230308525611e-05	  -0.0155658484075725	 0.000592154890750833


iteration: 11
eval(before): 2.08337e-05
del_phi.norm(): 1.52531e-05
PANDA LEFT
 0.000480886207326474	 0.000527490803957333	 -0.00307971932800927	  0.00145969313919909
-4.09695341972356e-05	-0.000290233479289653	 -0.00809718793704424	  0.00418002406317073
-0.000159381806677494	 -0.00111747813105156	 0.000339967763576663	 -0.00310756422457484
-9.88705025303856e-05	 0.000718059337526881	 -0.00573008733339036	  0.00182051352497957
-0.000588908237491803	-0.000310694501908027	  0.00930618230483723	  0.00121389193564417
-0.000391142125583664	-0.000283417499503715	  -0.0157797398458891	  -0.0053474727396238
-0.000576208404575607	 6.23900399486054e-05	   0.0292076764949076	  0.00115584335244666
PANDA RIGHT
 -0.00152516562001202	 -0.00079975813094646	 -0.00371705897224699	  -0.0017749868904015
 0.000156158541511534	-0.000214570755330711	 -0.00407500406565087	  0.00298999957619007
-6.35221263812981e-05	-0.000975070501628964	  0.00199045137236896	 -0.00365859630602805
  0.00022540765763651	  0.00105566496309758	  5.7740203731968e-05	  0.00285415588053454
  -0.0013779632779051	-4.42428224188551e-05	   0.0138737463155989	 -0.00123308555476758
-0.000506135574215084	 0.000321864843138313	  -0.0140207159029092	 -0.00266836825441847
 -0.00103524587061019	 0.000134894487019123	  0.00493811170292196	 0.000432137946604417
PANDA TOP
-0.000165008741882467	 0.000575499127047063	  0.00119252650427091	 -0.00644369133295469
-0.000329943541676021	-0.000134860450451754	 4.39211044799965e-05	  0.00161947619301292
-0.000289525569951984	-0.000667886097059151	  0.00208616064429794	 -0.00191204372637436
-0.000365420629194541	 0.000907651754932472	 -0.00517273677711804	 0.000148073400845666
 0.000178546064293654	-0.000634623792985369	  0.00445779171503087	 -0.00173616400972021
-0.000237855420885355	-0.000192608120428379	 0.000201461438265245	 -0.00347262040690455
-0.000481766443082813	  4.4220706464257e-05	  -0.0155654604208612	 0.000592448375930083


iteration: 12
eval(before): 2.08269e-05
del_phi.norm(): 1.4974e-05
PANDA LEFT
 0.000480500650635245	 0.000526265499562602	 -0.00307810152246358	  0.00146045983666296
-4.05971009089757e-05	-0.000290089434184589	 -0.00809894703964372	  0.00418139110088467
-0.000159038166667755	 -0.00111643680210563	 0.000339092849032273	 -0.00310458510242786
-9.96281597630672e-05	 0.000717921466931009	 -0.00572946361031158	   0.0018187002613325
-0.000589080446845727	-0.000311440417654923	  0.00930948635824789	  0.00121494765923077
-0.000392834282848871	-0.000283785382931784	  -0.0157757086426905	 -0.00534575908879107
-0.000576825564401823	 6.23902059427711e-05	   0.0292056001739649	  0.00115519413336261
PANDA RIGHT
  -0.0015252197500423	-0.000799150960945969	 -0.00371789464212996	 -0.00177706285329193
  0.00015656544023767	-0.000214421689995081	 -0.00407943078110013	  0.00298736891598255
-6.20276540111508e-05	-0.000976272773906076	  0.00199426541366717	 -0.00365729250102967
 0.000224993096534429	   0.0010567630255988	 5.92403315368761e-05	   0.0028570615500198
 -0.00137752213245033	-4.46372179087501e-05	   0.0138785677755744	 -0.00123301764981082
-0.000505745959201379	 0.000322325134195114	  -0.0140191223863863	 -0.00266917700528599
 -0.00103560260197653	 0.000134907775218563	  0.00493998195941523	 0.000429216542484195
PANDA TOP
-0.000165309684635841	 0.000576300177828002	  0.00119206140468576	 -0.00644586230218709
-0.000329958375662829	-0.000134527456327471	 4.58984213291908e-05	  0.00162132361982254
-0.000289190378195267	-0.000668429101744283	  0.00208361098314597	 -0.00191068712619219
-0.000365180771688291	 0.000907076530661341	 -0.00517096867549743	 0.000148716465652683
 0.000178881824680859	-0.000634716383082926	  0.00445760509331743	 -0.00173405069110508
-0.000238086460130431	-0.000193236980529181	 0.000198928473163282	 -0.00347689407226349
-0.000481920277584797	 4.42184289496396e-05	  -0.0155650438448155	 0.000592753099635034


iteration: 13
eval(before): 2.08204e-05
del_phi.norm(): 1.47075e-05
PANDA LEFT
 0.000480133534393072	 0.000525010103040532	 -0.00307654410082621	  0.00146124238804291
-4.02450251208635e-05	-0.000289954611060528	 -0.00810060737019465	   0.0041827239144587
-0.000158709291199294	 -0.00111542060160458	 0.000338237571815631	 -0.00310170925126331
-0.000100368952145841	 0.000717779685347219	 -0.00572883784701972	  0.00181689504017713
-0.000589238933244892	-0.000312162103832353	    0.009312754911645	  0.00121598990642754
 -0.00039450319974591	-0.000284152213800961	  -0.0157717289816101	 -0.00534401977069841
-0.000577423484714105	 6.23903476174676e-05	   0.0292035304537913	  0.00115452983141759
PANDA RIGHT
 -0.00152528882696772	-0.000798512055127258	 -0.00371873465190128	 -0.00177912884071185
 0.000156959826164392	-0.000214281656700216	 -0.00408376910642546	  0.00298477135296586
-6.05544331220561e-05	 -0.00097746962998298	   0.0019980301805468	 -0.00365601611258345
  0.00022457671509684	  0.00105785528733188	 6.07260004005389e-05	   0.0028599193595708
 -0.00137708372084335	 -4.5032891608055e-05	   0.0138832599569531	 -0.00123292734324141
-0.000505380983250326	 0.000322786817274109	   -0.014017558173275	 -0.00266994585290045
 -0.00103596110675142	  0.00013492103858948	  0.00494181402467335	 0.000426305126220194
PANDA TOP
-0.000165602445989095	 0.000577080154883496	  0.00119166172092503	 -0.00644800713509268
-0.000329973215308584	 -0.00013419485174254	 4.77674938884698e-05	  0.00162315011274867
-0.000288855899920775	-0.000668970863911262	  0.00208115597185718	 -0.00190936802582778
-0.000364932210836909	 0.000906504418548154	 -0.00516926336346727	 0.000149372441980918
 0.000179222645909235	-0.000634801784117031	  0.00445744266425608	 -0.00173193412724262
-0.000238320387929098	-0.000193860369599182	 0.000196362090986252	 -0.00348102665383882
-0.000482067039076271	 4.42161960216254e-05	  -0.0155646016826398	 0.000593067276232023


iteration: 14
eval(before): 2.08141e-05
del_phi.norm(): 1.44527e-05
PANDA LEFT
 0.000479783883308916	  0.00052372669305074	 -0.00307504448650112	  0.00146203943139725
-3.99129532249142e-05	-0.000289828298342881	 -0.00810217508855459	  0.00418402623695184
-0.000158395034742829	 -0.00111442821136785	 0.000337401109197666	 -0.00309893097787607
-0.000101093936107939	 0.000717634280842936	 -0.00572821098477962	  0.00181509812921597
-0.000589383992627546	-0.000312860881693137	  0.00931598836655983	  0.00121701686359159
-0.000396148603746687	-0.000284517803003255	  -0.0157677993912458	 -0.00534225913831625
  -0.0005780032985214	 6.23904667493289e-05	    0.029201469015009	   0.0011538514953607
PANDA RIGHT
 -0.00152537170580131	-0.000797843072240962	 -0.00371957763864036	 -0.00178118444942255
 0.000157341927770458	-0.000214150268961374	 -0.00408801970942416	  0.00298220661762578
-5.91022661326666e-05	-0.000978660824528394	  0.00200174646269387	 -0.00365476624725556
 0.000224158868238151	  0.00105894168085325	 6.21972924587614e-05	  0.00286273196998313
 -0.00137664808283813	-4.54295297048053e-05	   0.0138878281818086	 -0.00123281558130908
-0.000505039956009315	 0.000323249764931873	  -0.0140160219820132	 -0.00267067944345195
 -0.00103632111464451	 0.000134934277887998	  0.00494360948752618	 0.000423405067918896
PANDA TOP
-0.000165887333072654	 0.000577839204842059	  0.00119132301668585	 -0.00645012649858928
-0.000329988033285461	-0.000133862440861401	 4.95329345589695e-05	  0.00162495613044802
-0.000288522071095269	 -0.00066951133341329	   0.0020787914180651	 -0.00190808466794858
 -0.00036467535220766	   0.0009059354685755	 -0.00516761560660047	 0.000150038944536223
 0.000179568514011012	-0.000634880286422455	  0.00445730206090773	 -0.00172981547055311
-0.000238556157335444	-0.000194478263236061	 0.000193766694875364	 -0.00348502506779184
-0.000482207014929825	 4.42140055187444e-05	  -0.0155641366978969	 0.000593389312933469


iteration: 15
eval(before): 2.0808e-05
del_phi.norm(): 1.42087e-05
PANDA LEFT
 0.000479450791235221	  0.00052241734467102	 -0.00307360020602074	  0.00146284969074964
-3.96005020185606e-05	-0.000289709840356922	  -0.0081036559470853	  0.00418530141486389
-0.000158095212418926	  -0.0011134583126765	 0.000336582657578989	 -0.00309624507769377
-0.000101804088143091	 0.000717485532515511	 -0.00572758390334074	  0.00181330977103414
-0.000589516009219704	-0.000313537991217687	   0.0093191871280172	  0.00121802698244578
-0.000397770371421271	-0.000284881973382336	  -0.0157639185108816	 -0.00534048110673391
-0.000578566062197715	 6.23905650096104e-05	    0.029199417356529	  0.00115316011086095
PANDA RIGHT
 -0.00152546733304661	-0.000797145674751778	 -0.00372042239332781	 -0.00178322931576831
 0.000157711956932021	-0.000214027167157479	 -0.00409218344122833	  0.00297967441279606
-5.76709513003749e-05	-0.000979846154460825	  0.00200541504995984	  -0.0036535420544243
 0.000223739875266489	  0.00106002213831223	 6.36543142946787e-05	  0.00286550180630481
 -0.00137621522362125	-4.58268537251575e-05	   0.0138922774547239	   -0.001232683266873
 -0.00050472217254337	 0.000323713840819818	  -0.0140145126047578	 -0.00267138198832358
 -0.00103668238796179	 0.000134947493820318	  0.00494536987145495	 0.000420517617379493
PANDA TOP
-0.000166164634900424	 0.000578577489189827	  0.00119104115194144	 -0.00645222101827526
-0.000330002800121899	-0.000133530044153587	  5.1199192579764e-05	  0.00162674209698827
-0.000288188826030016	-0.000670050465920884	  0.00207651336010033	 -0.00190683540114551
-0.000364410574803834	 0.000905369742706392	 -0.00516602064068395	 0.000150713831663699
 0.000179919389652269	-0.000634952162925502	  0.00445718115301878	  -0.0017276957703661
-0.000238792865599069	 -0.00019509063421255	 0.000191146278092492	 -0.00348889577692314
-0.000482340475132167	 4.42118554003817e-05	  -0.0155636514383791	 0.000593717790749313


iteration: 16
eval(before): 2.08022e-05
del_phi.norm(): 1.39746e-05
PANDA LEFT
 0.000479133413718907	 0.000521084107715331	  -0.0030722088877067	  0.00146367197030197
-3.93072648519987e-05	-0.000289598632072795	  -0.0081050553180559	  0.00418655244743436
-0.000157809606253438	 -0.00111250960281891	 0.000335781431722018	 -0.00309364678924891
-0.000102500313248567	 0.000717333710520638	 -0.00572695742539839	  0.00181153018498744
-0.000589635432364271	 -0.00031419459786735	   0.0093223516052099	  0.00121901895360026
-0.000399368501612015	-0.000285244558771189	  -0.0157600850781118	 -0.00533868919642967
-0.000579112762591342	 6.23906439689472e-05	   0.0291973768120197	  0.00115245660564115
PANDA RIGHT
 -0.00152557473748507	-0.000796421512075554	  -0.0037212678464587	 -0.00178526311107759
  0.00015807011405889	-0.000213912014414355	 -0.00409626130749201	  0.00297717441848925
-5.62602814231798e-05	-0.000981025449993281	  0.00200903673103991	 -0.00365234272366084
 0.000223320024465245	  0.00106109659286635	 6.50971937316517e-05	  0.00286823107887404
 -0.00137578512112814	-4.62246154304399e-05	   0.0138966124847076	   -0.001232531262079
-0.000504426921098214	 0.000324178902814454	  -0.0140130289028362	  -0.0026720573025149
 -0.00103704471661581	 0.000134960687043429	  0.00494709663537198	 0.000417643914003734
PANDA TOP
-0.000166434624549295	 0.000579295183965641	  0.00119081226260109	 -0.00645429128309961
 -0.00033001748490628	-0.000133197496704723	 5.27705569370602e-05	  0.00162850840347812
-0.000287856098478256	-0.000670588221801003	  0.00207431805082134	 -0.00190561867526564
-0.000364138234728603	 0.000904807310225313	 -0.00516447412672601	 0.000151395180734454
 0.000180275211152926	-0.000635017671670166	  0.00445707802361902	 -0.00172557598398455
-0.000239029737715352	-0.000195697455293391	 0.000188504464025802	 -0.00349264482782271
-0.000482467674644219	 4.42097437417685e-05	  -0.0155631482536904	 0.000594051447115221


iteration: 17
eval(before): 2.07965e-05
del_phi.norm(): 1.37497e-05
PANDA LEFT
 0.000478830962007879	   0.0005197289902165	 -0.00307086825881827	  0.00146450514905198
-3.90328167917755e-05	-0.000289494114882295	 -0.00810637822129583	  0.00418778202249776
-0.000157537970550024	 -0.00111158080797148	 0.000334996665147855	 -0.00309113175192606
-0.000103183451772674	 0.000717179075969702	 -0.00572633232144164	  0.00180975956818747
-0.000589742757751677	-0.000314831798083857	   0.0093254822116951	  0.00121999168029112
-0.000400943093102828	-0.000285605403186501	  -0.0157562979192337	  -0.0053368865706754
-0.000579644322841285	 6.23907051014517e-05	   0.0291953485623508	  0.00115174185387488
PANDA RIGHT
 -0.00152569302187168	-0.000795672207279644	 -0.00372211305151241	 -0.00178728553916394
 0.000158416592106442	-0.000213804493085139	 -0.00410025444352889	  0.00297470629523278
-5.48700430451326e-05	-0.000982198567360916	  0.00201261229200299	 -0.00365116748582181
 0.000222899577194516	  0.00106216497975885	 6.65260732757213e-05	  0.00287092180313819
 -0.00137535773201012	-4.66225923007976e-05	      0.0139008377072	 -0.00123236039083143
-0.000504153489394768	 0.000324644805489235	  -0.0140115698018237	 -0.00267270884227087
 -0.00103740791374004	 0.000134973858173051	  0.00494879117378998	 0.000414784995430995
PANDA TOP
-0.000166697560596787	 0.000579992479083637	  0.00119063274322021	 -0.00645633784855629
-0.000330032055566447	-0.000132864647091307	 5.42511604368428e-05	  0.00163025541061692
-0.000287523822164437	-0.000671124564828689	  0.00207220194350183	  -0.0019044330357768
-0.000363858667765163	 0.000904248243713207	 -0.00516297211214405	 0.000152081267430022
  0.00018063589696157	-0.000635077057476472	  0.00445699094810909	 -0.00172345698468611
-0.000239266112007913	-0.000196298701624375	 0.000185844542609227	 -0.00349627788828441
-0.000482588854965905	 4.42076687280489e-05	  -0.0155626293102158	  0.00059438916113597


iteration: 18
eval(before): 2.0791e-05
del_phi.norm(): 1.35334e-05
PANDA LEFT
 0.000478542697934042	 0.000518353945624315	 -0.00306957614290367	  0.00146534817582968
-3.87767189842717e-05	 -0.00028939577287838	 -0.00810762934761139	  0.00418899254889636
-0.000157280036431587	 -0.00111067069271444	 0.000334227611765309	 -0.00308869596629064
-0.000103854285303129	 0.000717021880775476	 -0.00572570931235972	  0.00180799809748809
-0.000589838512196825	-0.000315450624112739	  0.00932857936382323	  0.00122094425473834
 -0.00040249432648281	-0.000285964360349447	  -0.0157525559394928	 -0.00533507607097305
-0.000580161607416438	 6.23907497896735e-05	   0.0291933336473934	  0.00115101668039266
PANDA RIGHT
 -0.00152582135670437	-0.000794899347161066	 -0.00372295717462025	 -0.00178929633220655
 0.000158751579414435	-0.000213704302338131	 -0.00410416409246497	  0.00297226968828452
-5.35000159707545e-05	 -0.00098336538361047	  0.00201614251560577	 -0.00365001560986271
 0.000222478770726299	  0.00106322723734562	 6.79411100328626e-05	   0.0028735758185062
 -0.00137493299629621	-4.70205844281649e-05	   0.0139049573033672	 -0.00123217143909757
-0.000503901169209509	 0.000325111402286697	  -0.0140101342877534	  -0.0026733397345737
 -0.00103777181266016	 0.000134987007783155	   0.0049504548186537	 0.000411941805813846
PANDA TOP
-0.000166953688652898	 0.000580669577813868	  0.00119049922772504	 -0.00645836123942353
-0.000330046479496186	-0.000132531356559853	 5.56449830821773e-05	  0.00163198345300417
-0.000287191931685575	-0.000671659461671221	  0.00207016167890249	 -0.00190327711667011
-0.000363572191881876	 0.000903692616644891	 -0.00516151099449619	 0.000152770548039279
 0.000181001348534939	-0.000635130553605819	   0.0044569183755979	  -0.0017213395686018
-0.000239501427136061	-0.000196894351855256	  0.00018316950229007	 -0.00349980027665359
-0.000482704245722966	 4.42056286486637e-05	  -0.0155620966032531	 0.000594729939427711


iteration: 19
eval(before): 2.07856e-05
del_phi.norm(): 1.3325e-05
PANDA LEFT
 0.000478267929623373	 0.000516960863294695	 -0.00306833045603468	   0.0014662000639785
-3.85385225242167e-05	 -0.00028930312975392	 -0.00810881308278062	  0.00419018618501219
-0.000157035515979723	 -0.00110977806736834	 0.000333473547101672	 -0.00308633575913723
 -0.00010451354159633	 0.000716862367682228	 -0.00572508907322002	  0.00180624593073399
-0.000589923241151214	  -0.0003160520480793	  0.00933164347994199	  0.00122187593679215
-0.000404022448386174	-0.000286321293038528	  -0.0157488581137174	 -0.00533326024839091
-0.000580665426373274	 6.23907793284076e-05	   0.0291913329803174	  0.00115028186422938
PANDA RIGHT
 -0.00152595897394429	-0.000794104474435645	 -0.00372379948122311	 -0.00179129524941455
 0.000159075261917434	-0.000213611155675684	 -0.00410799158675866	  0.00296986422861574
-5.21499732625122e-05	 -0.00098452579211102	  0.00201962818023591	 -0.00364888640352625
 0.000222057821287433	  0.00106428330764112	 6.93424697121395e-05	  0.00287619480417378
 -0.00137451084110459	-4.74184112521745e-05	   0.0139089752194865	 -0.00123196515825712
 -0.00050366926034243	 0.000325578546956059	   -0.014008721403353	 -0.00267395280797302
  -0.0010381362637545	 0.000135000136411803	  0.00495208883857136	 0.000409115202578332
PANDA TOP
-0.000167203242270211	 0.000581326696159991	  0.00119040857218193	 -0.00646036195246164
-0.000330060723669955	-0.000132197498332956	 5.69558553741109e-05	  0.00163369284074833
-0.000286860362766165	-0.000672192880832758	  0.00206819407332264	 -0.00190214963465265
-0.000363279108858356	 0.000903140500979747	 -0.00516008748909861	 0.000153461641992565
 0.000181371452370322	-0.000635178382744104	  0.00445685891165814	 -0.00171922446266625
-0.000239735210734142	-0.000197484389487166	 0.000180482058709675	 -0.00350321698986451
-0.000482814065609431	 4.42036218925724e-05	  -0.0155615519693815	 0.000595072903460248


iteration: 20
eval(before): 2.07804e-05
del_phi.norm(): 1.31241e-05
PANDA LEFT
  0.00047800600777143	 0.000515551561717534	 -0.00306712920459159	  0.00146705988756009
-3.83177716045285e-05	-0.000289215745976282	 -0.00810993352748911	  0.00419136486401789
-0.000156804105646137	 -0.00110890179299265	 0.000332733769338544	 -0.00308404775169652
 -0.00010516189894822	 0.000716700770120624	 -0.00572447223551214	  0.00180450320771897
-0.000589997498907019	-0.000316636985684262	  0.00933467497961366	  0.00122278613393981
 -0.00040552775852983	-0.000286676072744473	  -0.0157452034781384	 -0.00533144139184445
-0.000581156539177915	 6.23907949301055e-05	   0.0291893473585287	  0.00114953814178146
PANDA RIGHT
 -0.00152610516243521	-0.000793289082280181	 -0.00372463932654775	 -0.00179328207379378
 0.000159387824611907	-0.000213524779509908	 -0.00411173832965086	  0.00296748953806314
-5.08196813374808e-05	-0.000985679699456422	  0.00202307005789939	  -0.0036477792093505
 0.000221636925925455	  0.00106533313694311	 7.07303251801603e-05	  0.00287878029598683
 -0.00137409118373387	-4.78159095723719e-05	   0.0139128951833077	 -0.00123174226427798
 -0.00050345707340892	 0.000326046094972397	  -0.0140073302440259	 -0.00267455061678652
 -0.00103850113252653	  0.00013501324456351	  0.00495369444217887	 0.000406305963827684
PANDA TOP
-0.000167446444042801	  0.00058196406204867	  0.00119035783943605	 -0.00646234045877583
-0.000330074755154369	-0.000131862957148748	 5.81874620920291e-05	  0.00163538386219919
-0.000286529052949954	-0.000672724792440198	  0.00206629610829131	 -0.00190104938322587
-0.000362979705980172	 0.000902591966016484	 -0.00515869859945187	 0.000154153315923842
 0.000181746082537258	-0.000635220758106237	   0.0044568113022456	 -0.00171711233108328
-0.000239967069121183	-0.000198068803123328	 0.000177784679970327	 -0.00350653272566307
-0.000482918523473282	 4.42016469423474e-05	  -0.0155609970992812	  0.00059541727812618


iteration: 21
eval(before): 2.07754e-05
del_phi.norm(): 1.29301e-05
PANDA LEFT
 0.000477756322376084	 0.000514127783739472	 -0.00306597048030761	  0.00146792677758842
-3.81140063285462e-05	-0.000289133216300353	 -0.00811099451790531	  0.00419253031683772
-0.000156585489390728	 -0.00110804078492375	 0.000332007599890298	 -0.00308182883033571
-0.000105799989946846	 0.000716537312289019	 -0.00572385938980933	  0.00180277005226811
-0.000590061840461599	-0.000317206299534919	  0.00933767428238712	  0.00122367438461091
 -0.00040701059899503	-0.000287028579225394	  -0.0157415911232491	 -0.00532962155435258
-0.000581635658069669	 6.23907977289654e-05	   0.0291873774759415	  0.00114878621002589
PANDA RIGHT
 -0.00152625926327419	-0.000792454610376617	 -0.00372547614626572	 -0.00179525661042684
 0.000159689452644681	-0.000213444911611342	 -0.00411540578222083	  0.00296514522873755
 -4.9508900290427e-05	-0.000986827022855033	  0.00202646891325438	 -0.00364669340552637
 0.000221216264611743	  0.00106637667609909	 7.21048541226367e-05	  0.00288133369775257
 -0.00137367393405791	-4.82129314031371e-05	   0.0139167207206378	 -0.00123150344250549
  -0.0005032639320715	 0.000326513904429372	  -0.0140059599550342	 -0.00267513546845019
 -0.00103886629754876	 0.000135026332709965	  0.00495527277867573	  0.00040351479409814
PANDA TOP
-0.000167683506353713	 0.000582581914740925	   0.0011903442844272	 -0.00646429720545229
-0.000330088541285235	-0.000131527628766324	 5.93433456196769e-05	  0.00163705678685092
-0.000286197941859839	 -0.00067325516768236	  0.00206446492019745	 -0.00189997522650426
-0.000362674257284273	 0.000902047077175296	 -0.00515734159099004	 0.000154844469763756
 0.000182125102550738	-0.000635257884175511	  0.00445677442035503	 -0.00171500378047453
-0.000240196678224278	-0.000198647586972756	 0.000175079610191058	 -0.00350975190569136
-0.000483017819041342	  4.4199702369803e-05	  -0.0155604335471878	 0.000595762381251743


iteration: 22
eval(before): 2.07705e-05
del_phi.norm(): 1.27427e-05
PANDA LEFT
 0.000477518299856716	 0.000512691193794919	 -0.00306485245797431	  0.00146879991769356
-3.79267651216897e-05	-0.000289055167500329	 -0.00811199964297727	  0.00419368409322723
-0.000156379341407876	   -0.001107194014852	 0.000331294383774777	 -0.00307967612122157
-0.000106428404877533	 0.000716372209232105	 -0.00572325108731691	  0.00180104657273615
 -0.00059011681526923	-0.000317760802148154	  0.00934064180731593	  0.00122454034302341
-0.000408471344990405	-0.000287378700066918	  -0.0157380201871794	 -0.00532780257513952
-0.000582103451108057	 6.23907887850926e-05	   0.0291854239329606	  0.00114802672903573
PANDA RIGHT
 -0.00152642066584817	-0.000791602442265549	 -0.00372630944810193	 -0.00179721868421152
 0.000159980331947425	-0.000213371299952169	 -0.00411899544875959	  0.00296283090828975
-4.82173843693441e-05	 -0.00098796768812233	  0.00202982550322126	    -0.00364562840243
 0.000220796001875676	  0.00106741388071386	  7.3466237111676e-05	  0.00288385629514827
 -0.00137325899643444	-4.86093422601935e-05	   0.0139204551693802	 -0.00123124934587578
-0.000503089174771078	 0.000326981836769191	  -0.0140046097280082	 -0.00267570944155357
 -0.00103923164886293	 0.000135039401296448	   0.0049568249415572	 0.000400742330220186
PANDA TOP
-0.000167914632076065	 0.000583180503987896	  0.00119036533946108	 -0.00646623261806124
-0.000330102049903593	-0.000131191419536578	 6.04269103573587e-05	   0.0016387118656966
-0.000285866971511484	-0.000673783978525426	   0.0020626977911459	  -0.0018989260952684
-0.000362363024644653	 0.000901505895214748	 -0.00515601396621078	 0.000155534124181307
  0.00018250836722438	-0.000635289957357541	  0.00445674725283031	 -0.00171289936637008
-0.000240423775450467	-0.000199220740973839	 0.000172368889762037	 -0.00351287869509622
-0.000483112143581369	 4.41977868301843e-05	    -0.01555986274307	 0.000596107614131425


iteration: 23
eval(before): 2.07658e-05
del_phi.norm(): 1.25613e-05
PANDA LEFT
 0.000477291400447291	 0.000511243376190059	 -0.00306377339199884	  0.00146967854094755
-3.77555867653062e-05	-0.000288981256256056	 -0.00811295226143791	  0.00419482757951974
-0.000156185328487149	 -0.00110636051194506	 0.000330593490259201	 -0.00307758696767529
-0.000107047694727091	  0.00071620566697577	 -0.00572264784267889	  0.00179933286329582
-0.000590162962210083	-0.000318301258801113	  0.00934357797240406	  0.00122538376470927
-0.000409910397085547	-0.000287726330319928	  -0.0157344898504482	 -0.00532598610146359
-0.000582560544978368	 6.23907690885558e-05	   0.0291834872457429	  0.00114726032449568
PANDA RIGHT
 -0.00152658880431897	-0.000790733903865052	  -0.0037271388042453	 -0.00179916813903043
 0.000160260649667281	-0.000213303701803071	 -0.00412250886784106	  0.00296054617940308
-4.69448825135547e-05	-0.000989101628190737	  0.00203314057508117	    -0.00364458364144
 0.000220376288222569	  0.00106844471124033	 7.48146563347894e-05	  0.00288634926674682
 -0.00137284627128568	-4.90050197793392e-05	   0.0139241016927857	 -0.00123098059875212
-0.000502932155926595	 0.000327449757333229	  -0.0140032787982385	 -0.00267627440806395
 -0.00103959708666362	 0.000135052450740707	  0.00495835196950781	 0.000397989146221807
PANDA TOP
-0.000168140015232797	 0.000583760089276009	  0.00119041860314803	 -0.00646814710191131
-0.000330115249591021	-0.000130854246015416	 6.14414259327749e-05	  0.00164034933406845
-0.000285536086597342	-0.000674311197491374	  0.00206099213960742	 -0.00189790098180909
-0.000362046258744279	  0.00090096847585572	 -0.00515471344337865	 0.000156221408964796
 0.000182895724392319	-0.000635317166574846	  0.00445672888873924	  -0.0017107995976957
-0.000240648152383682	-0.000199788270706887	 0.000169654374324119	 -0.00351591702071733
-0.000483201680505342	 4.41958990580099e-05	  -0.0155592860003512	 0.000596452453011405


iteration: 24
eval(before): 2.07612e-05
del_phi.norm(): 1.23857e-05
PANDA LEFT
  0.00047707511586924	 0.000509785834765066	 -0.00306273161286126	  0.00147056192728444
-3.76000121555968e-05	-0.000288911167213251	 -0.00811385551752862	  0.00419596201550877
-0.000156003112104252	 -0.00110553936297132	  0.00032990431227227	  -0.0030755589088836
-0.000107658373961348	 0.000716037882686731	 -0.00572205013543094	  0.00179762900535001
-0.000590200805729438	-0.000318828390170684	  0.00934648319405764	  0.00122620449484524
-0.000411328174694198	-0.000288071372149255	  -0.0157309993311449	 -0.00532417360664247
-0.000583007527550033	 6.23907395631935e-05	    0.029181567854987	  0.00114648759012731
PANDA RIGHT
 -0.00152676315433295	-0.000789850262817066	 -0.00372796384412517	 -0.00180110483523959
 0.000160530594327532	-0.000213241882924675	 -0.00412594760042198	   0.0029582906425827
-4.56911389357784e-05	    -0.00099022878193	  0.00203641486633363	  -0.0036435585934297
 0.000219957261417664	  0.00106946913299192	  7.6150293754456e-05	  0.00288881369344721
  -0.0013724356563998	-4.93998524418617e-05	   0.0139276632918096	 -0.00123069779789633
-0.000502792246850324	 0.000327917535741759	  -0.0140019664418507	 -0.00267683205139787
 -0.00103996252011313	 0.000135065481436774	  0.00495985484907576	 0.000395255758571141
PANDA TOP
-0.000168359841531641	 0.000584320939013376	  0.00119050182835973	 -0.00647004104396454
-0.000330128109820196	-0.000130516034546216	 6.23900319950594e-05	  0.00164196941298006
-0.000285205234657268	-0.000674836797479997	  0.00205934551315477	 -0.00189689893536152
-0.000361724199867766	  0.00090043486941098	 -0.00515343793724328	 0.000156905552364669
 0.000183287016380231	-0.000635339693722647	  0.00445671850936938	 -0.00170870494135625
 -0.00024086964830282	-0.000200350187328141	 0.000166937751890827	  -0.0035188705875979
-0.000483286605850053	 4.41940378625852e-05	  -0.0155587045258362	 0.000596796441152274


iteration: 25
eval(before): 2.07567e-05
del_phi.norm(): 1.22154e-05
PANDA LEFT
 0.000476868967198392	 0.000508319993461901	 -0.00306172552417609	  0.00147144939985185
-3.74595857141596e-05	-0.000288844611164575	 -0.00811471235532694	  0.00419708850929246
-0.000155832350183564	 -0.00110472971173693	 0.000329226266571093	 -0.00307358966149199
-0.000108260923053866	 0.000715869044766306	 -0.00572145841233138	   0.0017959350681951
-0.000590230852998088	-0.000319342874827411	  0.00934935788684624	  0.00122700245686502
-0.000412725110730367	-0.000288413734541815	  -0.0157275478805313	 -0.00532236640651959
-0.000583444950290966	 6.23907010712259e-05	    0.029179666133174	  0.00114570908959743
PANDA RIGHT
 -0.00152694323027571	-0.000788952728570433	 -0.00372878424925141	 -0.00180302864899295
 0.000160790355885606	-0.000213185617119965	 -0.00412931322280318	   0.0029560638966123
-4.44558936892595e-05	-0.000991349093244285	  0.00203964910482684	 -0.00364255275664828
 0.000219539047385524	  0.00107048711618952	 7.74733303241386e-05	  0.00289125056819162
 -0.00137202704798696	-4.97937386828362e-05	   0.0139311428161783	 -0.00123040151251256
-0.000502668836273415	 0.000328385046278905	   -0.014000671973232	 -0.00267738388226946
 -0.00104032786654689	 0.000135078493755525	  0.00496133451721796	 0.000392542630147226
PANDA TOP
-0.000168574288951316	 0.000584863329747893	  0.00119061291019827	  -0.0064719148136355
 -0.00033014060120511	-0.000130176720881651	 6.32757413578041e-05	  0.00164357231078753
-0.000284874366327968	-0.000675360751804064	  0.00205775558014568	 -0.00189591905807675
-0.000361397078663246	 0.000899905120754556	 -0.00515218554046014	 0.000157585871285837
 0.000183682081485515	-0.000635357714175154	  0.00445671537834189	 -0.00170661582473524
-0.000241088144364325	-0.000200906507236087	 0.000164220557886398	 -0.00352174289473056
-0.000483367088796619	 4.41922021228414e-05	  -0.0155581194276686	  0.00059713918227877


iteration: 26
eval(before): 2.07524e-05
del_phi.norm(): 1.20503e-05
PANDA LEFT
 0.000476672502899582	 0.000506847197513005	 -0.00306075359967725	  0.00147234032267989
-3.73338567413065e-05	-0.000288781323331479	 -0.00811552553178599	  0.00419820805060255
-0.000155672698802214	 -0.00110393075818259	  0.00032855879363004	 -0.00307167710292426
-0.000108855790771348	 0.000715699333213158	 -0.00572087308858153	  0.00179425111005031
-0.000590253591676509	 -0.00031984535154408	  0.00935220246284688	  0.00122777764298837
-0.000414101646775666	-0.000288753332855918	  -0.0157241347800528	 -0.00532056567468504
-0.000583873330471022	 6.23906544159398e-05	   0.0291777823914634	   0.0011449253583917
PANDA RIGHT
 -0.00152712858223288	-0.000788042452998595	  -0.0037295997473448	 -0.00180493947063267
 0.000161040125614304	-0.000213134685464318	 -0.00413260731814354	  0.00295386554169554
-4.32388834225848e-05	-0.000992462510340892	  0.00204284400691875	 -0.00364156565548682
 0.000219121761521605	  0.00107149863570705	 7.87839451922624e-05	  0.00289366080391078
 -0.00137162034142698	-5.01865856911889e-05	   0.0139345429740736	 -0.00123009228750636
-0.000502561330766587	 0.000328852167892144	  -0.0139993947426636	 -0.00267793125408009
 -0.00104069305035692	 0.000135091488048337	  0.00496279186336829	 0.000389850174260872
PANDA TOP
-0.000168783528101139	 0.000585387545375972	  0.00119074987748654	 -0.00647376876468184
-0.000330152695486721	-0.000129836249705298	 6.41014445815364e-05	  0.00164515822405728
 -0.00028454343530608	-0.000675883033887297	  0.00205622012294386	 -0.00189496050130117
-0.000361065116700585	 0.000899379269104716	 -0.00515095450801593	 0.000158261763420201
 0.000184080754981053	-0.000635371397057962	  0.00445671883388851	 -0.00170453264097484
-0.000241303558463357	-0.000201457252021823	 0.000161504189249905	 -0.00352453724943464
-0.000483443291974284	  4.4190390784387e-05	  -0.0155575317226559	 0.000597480333900569


iteration: 27
eval(before): 2.07481e-05
del_phi.norm(): 1.189e-05
PANDA LEFT
 0.000476485297046187	  0.00050536871525528	 -0.00305981438006745	  0.00147323409809453
-3.72223804060956e-05	-0.000288721061773775	 -0.00811629762959977	  0.00419932152282783
-0.000155523813515264	 -0.00110314175677083	 0.000327901357155586	 -0.00306981925611328
-0.000109443396330839	 0.000715528919754872	 -0.00572029454953305	  0.00179257717845753
-0.000590269488461633	-0.000320336421550004	  0.00935501733167482	  0.00122853010497642
-0.000415458229618084	-0.000289090088580125	  -0.0157207593377095	 -0.00531877245788245
-0.000584293153257704	 6.23906003457407e-05	   0.0291759168859916	  0.00114413690563143
PANDA RIGHT
 -0.00152731879370282	-0.000787120531362243	 -0.00373041010673908	 -0.00180683720434004
 0.000161280095927193	-0.000213088876055693	 -0.00413583147125188	  0.00295169517730841
-4.20398419106276e-05	-0.000993568985166199	  0.00204600027727317	 -0.00364059683865281
 0.000218705509327247	   0.0010725036710153	 8.00823149437549e-05	  0.00289604524039653
 -0.00137121543208025	 -5.0578308794035e-05	    0.013937866342152	 -0.00122977064362586
-0.000502469154925386	 0.000329318784393733	  -0.0139981341343571	 -0.00267847537832439
 -0.00104105800245208	 0.000135104464647367	  0.00496422773143053	 0.000387178758660506
PANDA TOP
-0.000168987722711843	 0.000585893876337258	  0.00119091088276455	 -0.00647560323613689
-0.000330164365747228	 -0.00012949457427868	 6.48699136910818e-05	   0.0016467273383338
-0.000284212398540127	-0.000676403617427939	  0.00205473703058241	 -0.00189402246316661
-0.000360728527081365	 0.000898857348197066	 -0.00514974324290323	 0.000158932698390997
 0.000184482870346576	-0.000635380905639339	  0.00445672828077051	 -0.00170245575192171
-0.000241515840536266	-0.000202002448018811	 0.000158789916971855	 -0.00352725678039783
-0.000483515371877315	 4.41886028548289e-05	  -0.0155569423430278	 0.000597819601803766


iteration: 28
eval(before): 2.0744e-05
del_phi.norm(): 1.17342e-05
PANDA LEFT
 0.000476306947649002	 0.000503885740195735	 -0.00305890647078843	  0.00147413016486505
-3.71247185998831e-05	-0.000288663605823455	 -0.00811703106889221	  0.00420042971416753
-0.000155385350525042	 -0.00110236201470533	 0.000327253443887861	 -0.00306801427610078
-0.000110024131369729	 0.000715357968074141	 -0.00571972315237331	  0.00179091331180028
-0.000590278988091929	-0.000320816650677084	  0.00935780289989002	  0.00122925994766302
-0.000416795307659322	-0.000289423929080985	  -0.0157174208857079	 -0.00531698768474302
-0.000584704873699857	  6.2390539557391e-05	   0.0291740698235076	  0.00114334421571124
PANDA RIGHT
  -0.0015275134792552	-0.000786188003736222	 -0.00373121513232702	 -0.00180872176598619
 0.000161510460203188	-0.000213047983677455	 -0.00413898726191959	  0.00294955240658383
 -4.0858500688859e-05	-0.000994668473002539	   0.0020491186097964	 -0.00363964587806344
 0.000218290387195226	  0.00107350220605599	  8.1368612729135e-05	  0.00289840465206189
 -0.00137081221585121	 -5.0968830737962e-05	   0.0139411153743508	 -0.00122943707850379
-0.000502391751334508	 0.000329784784557021	  -0.0139968895638561	 -0.00267901733464486
 -0.00104142265964392	 0.000135117423866271	  0.00496564292193471	 0.000384528708422507
PANDA TOP
-0.000169187030027356	 0.000586382618827344	  0.00119109419406127	 -0.00647741855320902
-0.000330175586485116	-0.000129151655998974	 6.55838062100805e-05	  0.00164827983111054
-0.000283881216265673	-0.000676922476360267	   0.0020533042938101	 -0.00189310418394115
-0.000360387514921602	 0.000898339386413666	 -0.00514855028235877	 0.000159598211574668
   0.0001848882602057	-0.000635386397639712	  0.00445674318335905	 -0.00170038548992032
-0.000241724968450465	-0.000202542126032885	 0.000156078897214579	 -0.00352990444926735
-0.000483583479201104	 4.41868373998132e-05	  -0.0155563521433071	 0.000598156734804831


iteration: 29
eval(before): 2.07399e-05
del_phi.norm(): 1.15827e-05
PANDA LEFT
 0.000476137075127146	 0.000502399393742806	  -0.0030580285385287	  0.00147502799490032
-3.70404406872189e-05	-0.000288608754679572	 -0.00811772811716835	  0.00420153332629529
-0.000155256967779133	 -0.00110159088992296	 0.000326614562850618	 -0.00306626043850087
-0.000110598361788952	 0.000715186634094254	 -0.00571915922765169	  0.00178925953931713
-0.000590282512768162	 -0.00032128657132176	  0.00936055957127596	  0.00122996732062628
-0.000418113328444363	-0.000289754787229244	  -0.0157141187780691	 -0.00531521217974196
-0.000585108918542724	 6.23904726990222e-05	   0.0291722413656385	  0.00114254774959389
PANDA RIGHT
 -0.00152771228235173	-0.000785245856649345	  -0.0037320146627365	 -0.00181059308367398
 0.000161731412422028	-0.000213011809457051	 -0.00414207626053769	  0.00294743683490474
 -3.9694589668405e-05	-0.000995760932167812	  0.00205219968629042	 -0.00363871236640625
 0.000217876483159675	  0.00107449422899289	 8.26430082598193e-05	  0.00290073975266899
 -0.00137041058960832	-5.13580810487963e-05	   0.0139442924088607	 -0.00122909206831804
-0.000502328580514339	 0.000330250062018778	  -0.0139956604768084	  -0.0026795580841539
 -0.00104178696404886	 0.000135130366002655	  0.00496703819472544	 0.000381900309279174
PANDA TOP
-0.000169381601150237	 0.000586854074058387	  0.00119129818787268	 -0.00647921502891432
-0.000330186333679917	-0.000128807463975218	 6.62456691139997e-05	  0.00164981587069067
-0.000283549852003434	-0.000677439584870315	  0.00205191999836605	  -0.0018922049437828
-0.000360042277817153	  0.00089782540690489	 -0.00514737428677962	 0.000160257897579063
 0.000185296757129785	-0.000635388025480097	  0.00445676305985317	 -0.00169832216085211
-0.000241930944311738	-0.000203076321018958	 0.000153372181677058	 -0.00353248306227654
-0.000483647759120497	 4.41850935403935e-05	  -0.0155557619054474	 0.000598491520388861


iteration: 30
eval(before): 2.0736e-05
del_phi.norm(): 1.14354e-05
PANDA LEFT
 0.000475975320871673	 0.000500910727694205	 -0.00305717930887889	  0.00147592709276022
 -3.6969124115021e-05	-0.000288556326028235	 -0.00811839090048688	  0.00420263298437729
-0.000155138325892941	 -0.00110082778894288	 0.000325984244975556	 -0.00306455612789217
-0.000111166429453917	 0.000715015066245079	 -0.00571860308060059	   0.0017876158821735
-0.000590280461996671	-0.000321746684392971	  0.00936328774643522	  0.00123065241217208
-0.000419412736336883	-0.000290082601157558	  -0.0157108523886711	 -0.00531344667241071
-0.000585505687976939	 6.23904003731063e-05	   0.0291704316341997	  0.00114174794619983
PANDA RIGHT
 -0.00152791487329733	-0.000784295024828346	 -0.00373280856433892	 -0.00181245109566491
 0.000161943146963488	-0.000212980160626359	 -0.00414510002479863	   0.0029453480710983
-3.85478376852573e-05	-0.000996846323720352	  0.00205524417646115	 -0.00363779591641192
 0.000217463877544724	  0.00107547973203188	 8.39056675139211e-05	  0.00290305120226015
 -0.00137001045158294	-5.17459954246537e-05	   0.0139473996763191	 -0.00122873606918934
-0.000502279120682939	 0.000330714515265542	  -0.0139944463465937	 -0.00268009847960779
 -0.00104215086259512	 0.000135143291338523	  0.00496841426949358	  0.00037929381080931
PANDA TOP
-0.000169571581365553	 0.000587308547536804	  0.00119152133993807	 -0.00648099296408804
-0.000330196584823754	-0.000128461974589382	 6.68579429798588e-05	  0.00165133561842659
-0.000283218272550293	 -0.00067795491736074	  0.00205058232053772	 -0.00189132405994365
-0.000359693006201682	 0.000897315427745373	 -0.00514621402836248	  0.00016091140414613
  0.00018570819435822	-0.000635385936524803	   0.0044567874768359	 -0.00169626604699377
-0.000242133791143836	-0.000203605071802892	 0.000150670727077342	 -0.00353499527969538
-0.000483708351559643	 4.41833704489482e-05	  -0.0155551723447186	 0.000598823780249568


iteration: 31
eval(before): 2.07322e-05
del_phi.norm(): 1.12919e-05
PANDA LEFT
 0.000475821345910379	 0.000499420727305967	 -0.00305635756393372	  0.00147682699265545
-3.69103548633138e-05	-0.000288506154765299	 -0.00811902141167033	   0.0042037292439772
-0.000155029088916749	 -0.00110007216454108	 0.000325362042333147	 -0.00306289982787086
-0.000111728653814954	 0.000714843405767046	 -0.00571805499235109	  0.00178598235364638
-0.000590273212608824	-0.000322197461106776	  0.00936598782187477	  0.00123131544465261
-0.000420693970849663	-0.000290407313954333	  -0.0157076211094465	 -0.00531169180559404
-0.000585895557272447	 6.23903231398614e-05	   0.0291686407156133	  0.00114094522359385
PANDA RIGHT
 -0.00152812094725172	-0.000783336393147799	 -0.00373359673072548	 -0.00181429575043205
 0.000162145858220538	-0.000212952850221967	 -0.00414806009478125	   0.0029432857277264
-3.74179730875418e-05	-0.000997924611249847	  0.00205825273755785	 -0.00363689615965858
 0.000217052643641493	  0.00107645871116715	 8.51567516889815e-05	  0.00290533961041229
 -0.00136961170168088	-5.21325151396847e-05	   0.0139504393063514	 -0.00122836951745451
-0.000502242867596817	  0.00033117804748883	  -0.0139932466729575	 -0.00268063927587063
   -0.001042514306508	 0.000135156200142956	  0.00496977182949883	 0.000376709428689666
PANDA TOP
-0.000169757110412249	 0.000587746348299046	  0.00119176222052169	 -0.00648275264872772
-0.000330206318916443	-0.000128115171055596	 6.74229652371952e-05	  0.00165283922942798
-0.000282886447886546	 -0.00067846844846056	   0.0020492895210459	 -0.00189046088442959
-0.000359339883703155	 0.000896809462097886	 -0.00514506838119022	 0.000161558426963576
 0.000186122406348238	-0.000635380273263361	  0.00445681604359309	 -0.00169421740880015
-0.000242333550024637	-0.000204128420833451	 0.000147975403264378	 -0.00353744362638768
-0.000483765391405158	 4.41816673471243e-05	  -0.0155545841148511	 0.000599153366705879


iteration: 32
eval(before): 2.07284e-05
del_phi.norm(): 1.11521e-05
PANDA LEFT
 0.000475674829688822	 0.000497930314163404	 -0.00305556213961235	  0.00147772725678095
-3.68637277957653e-05	-0.000288458091759311	 -0.00811962151985026	  0.00420482259854297
-0.000154928924978568	 -0.00109932351332641	 0.000324747528382523	 -0.00306129011322924
-0.000112285333385047	 0.000714671786872545	 -0.00571751522133874	  0.00178435896008565
-0.000590261119118132	-0.000322639344732106	  0.00936866019143982	  0.00123195666879179
-0.000421957465077013	-0.000290728873462795	  -0.0157044243489238	 -0.00530994814468297
-0.000586278878322095	 6.23902415196266e-05	   0.0291668686631057	  0.00114013998028718
PANDA RIGHT
 -0.00152833022266807	 -0.00078237079866365	 -0.00373437907724644	  -0.0018161270059154
 0.000162339740346032	-0.000212929697053144	 -0.00415095799068159	  0.00294124942295469
-3.63047241895451e-05	-0.000998995760745706	  0.00206122601544259	 -0.00363601274448035
 0.000216642848043295	  0.00107743116603411	 8.63964181217139e-05	  0.00290760554277269
 -0.00136921424178454	-5.25175867922862e-05	   0.0139534133335805	 -0.00122799283103936
-0.000502219334113081	 0.000331640566595795	  -0.0139920609802415	 -0.00268118113681347
 -0.00104287725109708	 0.000135169092670359	  0.00497111152218032	 0.000374147347190685
PANDA TOP
-0.000169938322820869	 0.000588167788254469	  0.00119201948609373	  -0.0064844943631708
-0.000330215516568101	-0.000127767043047713	 6.79429746894579e-05	  0.00165432685264311
-0.000282554351220683	-0.000678980153183563	  0.00204803994074477	 -0.00188961480149077
-0.000358983087521326	 0.000896307518535709	 -0.00514393631298401	 0.000162198704816301
 0.000186539229427085	-0.000635371173572786	  0.00445684840809207	 -0.00169217648639331
-0.000242530277416656	-0.000204646413739692	 0.000145287000917544	 -0.00353983049944981
-0.000483819008789869	 4.41799835012053e-05	  -0.0155539978123244	 0.000599480159132166


iteration: 33
eval(before): 2.07248e-05
del_phi.norm(): 1.10159e-05
PANDA LEFT
  0.00047553546888864	 0.000496440349218211	 -0.00305479192353152	  0.00147862747443135
-3.68288469883028e-05	-0.000288412002720284	 -0.00812019297815628	  0.00420591348544462
-0.000154837506887753	 -0.00109858137344184	 0.000324140296275416	 -0.00305972564076144
-0.000112836747119281	 0.000714500337119801	 -0.00571698400413914	  0.00178274570154615
-0.000590244514104301	-0.000323072752249367	  0.00937130524468396	  0.00123257635994983
 -0.00042320364439782	-0.000291047231991225	  -0.0157012615308666	 -0.00530821618455936
-0.000586655981105448	 6.23901559954893e-05	   0.0291651155016758	  0.00113933259624091
PANDA RIGHT
 -0.00152854243948424	-0.000781399032621465	 -0.00373515554097295	 -0.00181794482874051
 0.000162524986952466	-0.000212910525431613	 -0.00415379521110787	  0.00293923877848237
-3.52078197991774e-05	 -0.00100005974048707	  0.00206416464323922	 -0.00363514533608977
 0.000216234551296119	  0.00107839709963146	 8.76248193973658e-05	  0.00290984952349762
 -0.00136881797591731	-5.29011617153138e-05	     0.01395632370372	  -0.0012276064099979
-0.000502208049915339	 0.000332101984997424	  -0.0139908888161676	 -0.00268172464502756
 -0.00104323965528131	 0.000135181969163345	  0.00497243396154059	 0.000371607721564596
PANDA TOP
 -0.00017011534813638	 0.000588573181510229	  0.00119229187592456	 -0.00648621837772116
-0.000330224159940642	-0.000127417586234979	 6.84201147779222e-05	  0.00165579863209062
-0.000282221958857685	-0.000679490006810764	   0.0020468319970443	 -0.00188878522519328
-0.000358622788683001	 0.000895809601204679	 -0.00514281687635383	 0.000162832015345343
  0.00018695850219397	-0.000635358770857945	  0.00445688425333942	 -0.00169014350184466
-0.000242724042855958	-0.000205159099167066	  0.00014260623861021	 -0.00354215817743155
-0.000483869329264422	 4.41783182205021e-05	  -0.0155534139812833	 0.000599804061174297


iteration: 34
eval(before): 2.07212e-05
del_phi.norm(): 1.0883e-05
PANDA LEFT
 0.000475402976355438	 0.000494951635887563	 -0.00305404585232106	  0.00147952725952666
-3.68053258713186e-05	-0.000288367767070314	 -0.00812073743143647	  0.00420700229181476
-0.000154754512570152	 -0.00109784532215477	 0.000323539959157326	 -0.00305820514346904
 -0.00011338315576084	 0.000714329177576286	 -0.00571646155687385	  0.00178114257115005
-0.000590223708935125	-0.000323498075881316	  0.00937392336773815	  0.00123317481346448
-0.000424432925698721	-0.000291362346118002	  -0.0156981320931146	  -0.0053064963559712
-0.000587027175063847	 6.23900670148891e-05	   0.0291633812301525	  0.00113852343363441
PANDA RIGHT
 -0.00152875735773042	-0.000780421842541634	 -0.00373592607567262	 -0.00181974919363563
  0.00016270179077329	-0.000212895165111885	 -0.00415657323052681	  0.00293725342190586
-3.41269895887056e-05	 -0.00100111652087659	  0.00206706924174277	  -0.0036342936143719
 0.000215827808205126	   0.0010793565181598	 8.88421038110695e-05	  0.00291207203970604
 -0.00136842281046947	-5.32831957517254e-05	   0.0139591722790582	 -0.00122721063812348
-0.000502208561073004	 0.000332562219564792	  -0.0139897297501136	 -0.00268227030946759
 -0.00104360148140574	 0.000135194829852065	  0.00497373972903087	 0.000369090680158909
PANDA TOP
-0.000170288311208426	 0.000588962843772894	  0.00119257820486654	 -0.00648792495432396
-0.000330232232808514	-0.000127066801925324	 6.88564371924207e-05	  0.00165725470699538
-0.000281889250187907	-0.000679997985154743	  0.00204566417894083	  -0.0018879715983296
-0.000358259152371355	 0.000895315710145794	   -0.005141709201991	  0.00016345817181742
 0.000187380065997933	-0.000635343194277087	  0.00445692329291529	 -0.00168811865977272
-0.000242914926857067	-0.000205666528372404	   0.0001399337688977	 -0.00354442882627867
-0.000483916474041979	  4.4176670854701e-05	  -0.0155528331159265	 0.000600124997828712


iteration: 35
eval(before): 2.07178e-05
del_phi.norm(): 1.07533e-05
PANDA LEFT
  0.00047527708010139	 0.000493464922887924	 -0.00305332291041213	  0.00148042624971612
-3.67927874600921e-05	-0.000288325276972818	  -0.0081212564229897	  0.00420808935993999
-0.000154679625569241	 -0.00109711497349509	 0.000322946148489868	 -0.00305672742266225
-0.000113924803010074	 0.000714158423191496	 -0.00571594807643753	  0.00177954955731372
-0.000590198994365651	-0.000323915684566948	   0.0093765149425291	   0.0012337523420876
-0.000425645716628559	-0.000291674176399213	  -0.0156950354867932	 -0.00530478903208473
-0.000587392750360477	 6.23899749936262e-05	    0.029161665824077	  0.00113771283802501
PANDA RIGHT
 -0.00152897475584086	-0.000779439934258681	  -0.0037366906525559	 -0.00182154008299025
 0.000162870343420092	-0.000212883451016657	 -0.00415929349652499	  0.00293529298602063
-3.30619646024859e-05	 -0.00100216607442432	  0.00206994042010995	 -0.00363345727290817
 0.000215422668479285	  0.00108030943073558	 9.00484150006437e-05	  0.00291427354411203
 -0.00136802865429586	-5.36636486965106e-05	   0.0139619608427752	 -0.00122680588322499
-0.000502220429636502	 0.000333021191369314	  -0.0139885833721131	 -0.00268281857048535
 -0.00104396269476407	 0.000135207674956875	  0.00497502937662337	 0.000366596326449465
PANDA TOP
-0.000170457332322183	 0.000589337091678644	  0.00119287735967256	 -0.00648961434653809
-0.000330239720429682	-0.000126714696615868	 6.92539053189252e-05	  0.00165869521304166
-0.000281556207430878	-0.000680504064270895	  0.00204453504328526	 -0.00188717338981336
 -0.00035789233806287	 0.000894825841338985	 -0.00514061249189196	 0.000164077018535554
  0.00018780376506371	-0.000635324568800243	  0.00445696526829665	 -0.00168610215036416
-0.000243103019147139	-0.000206168755139629	 0.000137270184113126	 -0.00354664450708823
-0.000483960560087938	 4.41750407912542e-05	   -0.015552255666719	 0.000600442912985433


iteration: 36
eval(before): 2.07144e-05
del_phi.norm(): 1.06267e-05
PANDA LEFT
 0.000475157522347504	 0.000491980907267567	  -0.0030526221264966	  0.00148132410519492
-3.67908643726064e-05	-0.000288284436313709	 -0.00812175140125988	  0.00420917499136953
-0.000154612535274237	 -0.00109638997595899	 0.000322358514518473	 -0.00305529134343761
-0.000114461916687049	 0.000713988182950414	 -0.00571544374104964	   0.0017779666424466
-0.000590170641389975	-0.000324325925398592	   0.0093790803473322	  0.00123430927220608
-0.000426842414799907	-0.000291982687215255	  -0.0156919711751174	  -0.0053030945345706
-0.000587752979133777	  6.2389880316104e-05	   0.0291599692384154	  0.00113690113916396
PANDA RIGHT
 -0.00152919442955421	-0.000778453973973979	 -0.00373744925565208	 -0.00182331748697484
 0.000163030835100715	-0.000212875223269853	  -0.0041619574300939	  0.00293335710886159
-3.20124775483058e-05	 -0.00100320837564431	  0.00207277877505149	 -0.00363263601844741
 0.000215019176859006	  0.00108125584925498	 9.12438923771226e-05	  0.00291645445931187
 -0.00136763541884739	-5.40424842078818e-05	   0.0139646911043476	 -0.00122639249797417
-0.000502243233197018	 0.000333478825653615	  -0.0139874492914916	 -0.00268336980825541
 -0.00104432326355358	 0.000135220504688319	  0.00497630342711446	 0.000364124740470445
PANDA TOP
 -0.00017062252750871	 0.000589696242315757	  0.00119318829340945	 -0.00649128680046639
-0.000330246609641425	-0.000126361281647879	 6.96143980421387e-05	  0.00166012028208503
-0.000281222815730067	-0.000681008220803182	  0.00204344321154165	 -0.00188639009328566
-0.000357522499902163	 0.000894339987162987	 -0.00513952601295335	 0.000164688428190005
  0.00018822944698745	 -0.00063530301546071	  0.00445700994608371	 -0.00168409414912745
-0.000243288416957532	-0.000206665835336731	 0.000134616021394871	  -0.0035488071826129
-0.000484001700387109	 4.41734274527906e-05	  -0.0155516820405682	 0.000600757767377302


iteration: 37
eval(before): 2.07111e-05
del_phi.norm(): 1.0503e-05
PANDA LEFT
 0.000475044058644091	  0.00049050023723264	 -0.00305194257231519	  0.00148222050681507
 -3.6799198881128e-05	-0.000288245159817929	 -0.00812222372614625	  0.00421025945134527
-0.000154552937259945	 -0.00109567001030911	 0.000321776724891557	 -0.00305389582851892
-0.000114994709805912	 0.000713818560201798	 -0.00571494871177698	  0.00177639380465008
-0.000590138902072438	-0.000324729124921039	  0.00938161995612613	  0.00123484594192707
-0.000428023407625241	-0.000292287846526223	  -0.0156889386328658	  -0.0053014131363752
-0.000588108116628496	 6.23897833386488e-05	      0.0291582914097	  0.00113608865147248
PANDA RIGHT
 -0.00152941619049498	-0.000777464590167336	 -0.00373820188255139	 -0.00182508140218226
 0.000163183454395228	-0.000212870326975577	 -0.00416456642376224	   0.0029314454345405
-3.09782631817886e-05	  -0.0010042434010115	  0.00207558489136769	 -0.00363182956994689
 0.000214617373637139	  0.00108219578814688	  9.2428670462812e-05	  0.00291861517905896
 -0.00136724301823722	 -5.4419669361965e-05	   0.0139673647031853	 -0.00122597082078318
-0.000502276564469876	  0.00033393505160937	  -0.0139863271359352	 -0.00268392434575491
 -0.00104468315852424	 0.000135233319245948	  0.00497756237615484	  0.00036167598082908
PANDA TOP
-0.000170784008685228	 0.000590040612625168	  0.00119351002136428	 -0.00649294255477331
-0.000330252888759989	  -0.0001260065728261	 6.99397126025666e-05	  0.00166153004344649
-0.000280889062918518	-0.000681510431855565	  0.00204238736608935	 -0.00188562122566981
-0.000357149786823812	 0.000893858136474738	 -0.00513844909188861	 0.000165292299030684
 0.000188656962826534	-0.000635278651433617	  0.00445705711474684	 -0.00168209481856365
-0.000243471223625315	-0.000207157826808509	 0.000131971767591356	 -0.00355091872291397
-0.000484040004046136	 4.41718302954817e-05	    -0.01555111260689	 0.000601069536260264


iteration: 38
eval(before): 2.07078e-05
del_phi.norm(): 1.03822e-05
PANDA LEFT
 0.000474936457080609	 0.000489023514942297	 -0.00305128336149736	  0.00148311515532229
-3.68174428738911e-05	-0.000288207372189535	 -0.00812267467438985	  0.00421134297266297
-0.000154500533462069	 -0.00109495478733133	 0.000321200464197578	 -0.00305253985400536
-0.000115523381543028	 0.000713649652812061	 -0.00571446313264155	  0.00177483101709275
-0.000590104010439278	-0.000325125590367654	  0.00938413413886646	   0.0012353626979615
-0.000429189072018195	-0.000292589625734809	  -0.0156859373457957	 -0.00529974506886506
-0.000588458402251598	  6.2389684391471e-05	   0.0291566322579529	  0.00113527567519389
PANDA RIGHT
  -0.0015296398651266	-0.000776472375672092	 -0.00373894854088619	 -0.00182683183144464
 0.000163328387996109	-0.000212868612205064	 -0.00416712184075432	  0.00292955761320345
-2.99590585856164e-05	 -0.00100527112894255	  0.00207835934193703	 -0.00363103765697243
 0.000214217294870255	  0.00108312926422988	 9.36028800971435e-05	  0.00292075607275726
 -0.00136685136933908	-5.47951745388545e-05	   0.0139699832129719	 -0.00122554117623053
-0.000502320030778816	 0.000334389802294591	  -0.0139852165504476	 -0.00268448245604897
 -0.00104504235288383	 0.000135246118820833	   0.0049788066935109	 0.000359250085993334
PANDA TOP
-0.000170941883861692	 0.000590370518939419	  0.00119384161828029	 -0.00649458184157798
-0.000330258547587122	-0.000125650590096018	 7.02315681563616e-05	  0.00166292462303503
-0.000280554939474757	-0.000682010675091759	  0.00204136624723862	 -0.00188486632513981
-0.000356774342793494	 0.000893380274956257	  -0.0051373811101618	 0.000165888551992217
 0.000189086167334311	-0.000635251590189493	  0.00445710658290359	 -0.00168010430952522
-0.000243651547321532	-0.000207644789062761	 0.000129337863543126	 -0.00355298091027568
-0.000484075576465768	 4.41702488062482e-05	   -0.015550547698657	 0.000601378208013033


iteration: 39
eval(before): 2.07047e-05
del_phi.norm(): 1.0264e-05
PANDA LEFT
 0.000474834497467637	 0.000487551299225877	 -0.00305064364619145	  0.00148400777042894
 -3.6845257902034e-05	-0.000288171007301968	 -0.00812310544514861	  0.00421242575863865
-0.000154455032425179	 -0.00109424404588332	 0.000320629433411779	 -0.00305122244492268
-0.000116048118189722	 0.000713481553527872	 -0.00571398713255787	  0.00177327824885509
-0.000590066183333871	-0.000325515610868566	  0.00938662326141457	  0.00123585989391717
-0.000430339774173771	 -0.00029288799939012	   -0.015682966809785	 -0.00529809052469862
 -0.00058880406060455	 6.23895837794078e-05	   0.0291549916883379	  0.00113446249690702
PANDA RIGHT
 -0.00152986529340684	-0.000775477889393502	 -0.00373968924847702	 -0.00182856878392178
 0.000163465820507485	-0.000212869933719398	 -0.00416962501474443	  0.00292769330038237
-2.89546034881781e-05	 -0.00100629153966631	  0.00208110268786637	 -0.00363026001984879
 0.000213818972865933	  0.00108405629643821	 9.47666476176021e-05	   0.0029228774854799
 -0.00136646039177952	-5.51689729284019e-05	   0.0139725481449338	  -0.0012251038764282
-0.000502373253670494	 0.000334843014363298	   -0.013984117195901	 -0.00268504436670509
 -0.00104540082190533	 0.000135258903596147	  0.00498003682440327	 0.000356847076198052
PANDA TOP
-0.000171096257262298	 0.000590686276501961	  0.00119418221301336	 -0.00649620488685662
-0.000330263577284075	-0.000125293357132915	 7.04916088683368e-05	  0.00166430414503402
-0.000280220438296873	-0.000682508928633672	  0.00204037865040571	 -0.00188412495096824
-0.000356396306947015	 0.000892906385129785	 -0.00513632149943345	 0.000166477128628133
 0.000189516919003547	 -0.00063522194156629	  0.00445715817690127	  -0.0016781227612933
-0.000243829499913527	 -0.00020812678318475	 0.000126714707702508	 -0.00355499544577869
 -0.00048410851943482	 4.41686825017145e-05	  -0.0155499876155744	 0.000601683782252978


iteration: 40
eval(before): 2.07016e-05
del_phi.norm(): 1.01484e-05
PANDA LEFT
 0.000474737970645972	 0.000486084108066652	 -0.00305002261647976	  0.00148489808933056
-3.68823150069798e-05	-0.000288136007444414	 -0.00812351716451482	  0.00421350798642816
-0.000154416149347239	  -0.0010935375508028	 0.000320063349453457	 -0.00304994267172228
-0.000116569094016704	 0.000713314350084025	 -0.00571352082576143	   0.0017717354649454
 -0.00059002562133919	-0.000325899458557663	  0.00938908768538338	  0.00123633788835556
-0.000431475869408985	-0.000293182945115401	  -0.0156800265306342	 -0.00529644966122253
-0.000589145302435722	 6.23894817842226e-05	   0.0291533695933733	  0.00113364939005294
PANDA RIGHT
 -0.00153009232807383	-0.000774481658252046	 -0.00374042403193318	 -0.00183029227453122
  0.00016359593427228	 -0.00021287415107825	 -0.00417207724916033	  0.00292585215790633
-2.79646404816776e-05	 -0.00100730461528617	  0.00208381547840017	 -0.00362949640862526
 0.000213422436228872	  0.00108497690575703	 9.59200953247197e-05	  0.00292497974107907
 -0.00136607000805746	-5.55410406118708e-05	   0.0139750609516268	 -0.00122465922075623
-0.000502435868413287	 0.000335294628062296	  -0.0139830287486759	 -0.00268561026365113
 -0.00104575854300995	 0.000135271673746796	  0.00498125319073096	 0.000354466954237986
PANDA TOP
-0.000171247229577487	 0.000590988198990126	  0.00119453098604326	 -0.00649781191084725
-0.000330267970454584	-0.000124934901090701	 7.07214068453017e-05	  0.00166566873091039
-0.000279885554743973	-0.000683005171309478	  0.00203942342271924	 -0.00188339668119339
-0.000356015813855176	 0.000892436446855771	  -0.0051352697370025	 0.000167057988630507
 0.000189949080329273	-0.000635189811978446	  0.00445721173898663	 -0.00167615030330434
-0.000244005195948608	 -0.00020860387146339	 0.000124102660111427	 -0.00355696395252181
-0.000484138931349187	 4.41671309258281e-05	  -0.0155494326265972	  0.00060198626864244


iteration: 41
eval(before): 2.06985e-05
del_phi.norm(): 1.00354e-05
PANDA LEFT
 0.000474646677841623	 0.000484622421145937	 -0.00304941949837952	  0.00148578586576253
-3.69282946369747e-05	-0.000288102322643237	 -0.00812391089093466	  0.00421458980983383
-0.000154383606162114	 -0.00109283509099994	 0.000319501943681361	 -0.00304869964630386
-0.000117086472042638	  0.00071314812544193	 -0.00571306431195958	  0.00177020262742536
-0.000589982509712343	-0.000326277389603327	  0.00939152776815117	  0.00123679704324303
-0.000432597702293473	-0.000293474443430643	  -0.0156771160235273	 -0.00529482260405949
-0.000589482325500777	  6.2389378666645e-05	   0.0291517658534989	  0.00113283661575073
PANDA RIGHT
 -0.00153032083352513	-0.000773484178817264	 -0.00374115292390838	 -0.00183200232301385
  0.00016371890918391	-0.000212881128450258	 -0.00417447981663587	  0.00292403385293814
-2.69889152263037e-05	 -0.00100831033971671	  0.00208649825174791	 -0.00362874658179536
 0.000213027710224531	  0.00108589111503302	 9.70633417929326e-05	  0.00292706314454824
 -0.00136568014344567	-5.59113562151703e-05	   0.0139775230305327	 -0.00122420749698334
-0.000502507523521353	 0.000335744587040844	  -0.0139819508995154	  -0.0026861802953911
 -0.00104611549550148	 0.000135284429439377	  0.00498245619266397	 0.000352109707146954
PANDA TOP
-0.000171394898038261	 0.000591276598199247	  0.00119488716565222	 -0.00649940312790468
-0.000330271721006313	-0.000124575252291925	 7.09224653044906e-05	  0.00166701850035994
-0.000279550286394047	 -0.00068349938250562	  0.00203849946071046	 -0.00188268111204082
-0.000355632993614973	 0.000891970437370908	  -0.0051342253426931	 0.000167631108095284
 0.000190382517793876	-0.000635155304440986	  0.00445726712544264	 -0.00167418705475686
-0.000244178751827886	-0.000209076117308703	 0.000121502045131109	 -0.00355888798164217
-0.000484166907257264	 4.41655936483245e-05	  -0.0155488829720187	 0.000602285685264094


iteration: 42
eval(before): 2.06956e-05
del_phi.norm(): 9.92468e-06
PANDA LEFT
 0.000474560429981023	 0.000483166682165302	 -0.00304883355188383	  0.00148667086907321
-3.69828865924539e-05	-0.000288069909956647	 -0.00812428761844092	  0.00421567136144437
-0.000154357131719552	  -0.0010921364777817	  0.00031894496234845	  -0.0030474925191138
-0.000117600404870226	 0.000712982958085577	 -0.00571261767823764	  0.00176867969486185
 -0.00058993701921134	-0.000326649645213642	  0.00939394386245098	  0.00123723772258799
-0.000433705606644922	-0.000293762477507038	  -0.0156742348127345	 -0.00529320945025931
-0.000589815315429364	  6.2389274666678e-05	   0.0291501803388187	  0.00113202442328629
PANDA RIGHT
 -0.00153055068483914	-0.000772485919009139	 -0.00374187596482555	 -0.00183369895482027
 0.000163834922530543	-0.000212890734425727	  -0.0041768339596184	  0.00292223805919776
-2.60271767179549e-05	 -0.00100930869860036	  0.00208915153420725	 -0.00362801030623702
   0.0002126348171224	  0.00108679894872676	 9.81965015663654e-05	  0.00292912798333623
 -0.00136529072609946	-5.62799006356164e-05	   0.0139799357258803	 -0.00122374898174726
-0.000502587880406569	 0.000336192838117574	  -0.0139808833528828	 -0.00268675457630875
 -0.00104647166032287	 0.000135297170834114	  0.00498364620994882	 0.000349775306996936
PANDA TOP
-0.000171539356569936	 0.000591551783574421	  0.00119525002639617	 -0.00650097874689066
-0.000330274824097498	-0.000124214443868683	 7.10962210595555e-05	  0.00166835357174836
 -0.00027921463294522	-0.000683991542242173	  0.00203760570771006	  -0.0018819778569208
-0.000355247972007034	 0.000891508331427601	 -0.00513318787489872	 0.000168196477584221
 0.000190817101859644	-0.000635118518697479	  0.00445732420517835	 -0.00167223312645046
-0.000244350284995939	-0.000209543585115151	 0.000118913154576129	 -0.00356076901549127
-0.000484192538997231	 4.41640702632187e-05	  -0.0155483388661319	 0.000602582057747216


iteration: 43
eval(before): 2.06927e-05
del_phi.norm(): 9.81631e-06
PANDA LEFT
  0.00047447904716288	 0.000481717301062927	 -0.00304826406991087	  0.00148755288373636
-3.70457898182999e-05	 -0.00028803873290674	 -0.00812464828204723	  0.00421675275477985
-0.000154336461707975	 -0.00109144154303412	 0.000318392165321721	 -0.00304632047654385
-0.000118111035296045	 0.000712818922151462	 -0.00571218099913353	  0.00176716662287089
-0.000589889306949987	-0.000327016452555788	   0.0093963363166549	   0.0012376602909589
-0.000434799905695132	-0.000294047033086507	  -0.0156713824310985	  -0.0052916102707376
 -0.00059014444647561	 6.23891700062532e-05	    0.029148612909494	  0.00113121305071697
PANDA RIGHT
 -0.00153078176700893	-0.000771487319626721	  -0.0037425931996781	 -0.00183538220004166
 0.000163944148886398	-0.000212902841991961	 -0.00417914089009321	  0.00292046445599403
 -2.5079177393635e-05	  -0.0010102996792918	  0.00209177584144186	 -0.00362728735639217
 0.000212243776345364	  0.00108770043286035	 9.93196855932207e-05	  0.00293117452890178
 -0.00136490168698267	-5.66466569172065e-05	    0.013982300332455	 -0.00122328394079966
-0.000502676612900999	 0.000336639331233963	   -0.013979825826109	 -0.00268733319000854
  -0.0010468270200086	 0.000135309898084531	  0.00498482360191628	 0.000347463712235864
PANDA TOP
-0.000171680695906748	 0.000591814061904588	  0.00119561888489951	  -0.0065025389720629
 -0.00033027727608081	-0.000123852511560385	 7.12440474566046e-05	   0.0016696740616525
-0.000278878596043902	-0.000684481631085742	  0.00203674115144565	 -0.00188128654551214
-0.000354860870645241	 0.000891050101545661	 -0.00513215692756334	 0.000168754100535926
 0.000191252707051628	-0.000635079551288576	   0.0044573828587394	 -0.00167028861989043
-0.000244519913313577	 -0.00021000634009219	  0.00011633625048719	 -0.00356260847230679
-0.000484215915287407	 4.41625603868152e-05	  -0.0155478004978839	 0.000602875417924624


iteration: 44
eval(before): 2.06899e-05
del_phi.norm(): 9.71015e-06
PANDA LEFT
 0.000474402358065632	 0.000480274656152725	 -0.00304771037606938	  0.00148843170740066
-3.71167122765328e-05	-0.000288008760872885	 -0.00812499376038481	  0.00421783408635238
-0.000154321338718817	 -0.00109075013770247	 0.000317843325615889	 -0.00304518273830514
-0.000118618497061639	 0.000712656087661583	 -0.00571175433754631	  0.00176566336509786
-0.000589839517299958	-0.000327378025635336	  0.00939870547383793	  0.00123806511274031
-0.000435880912174892	-0.000294328098309886	  -0.0156685584196392	 -0.00529002511222287
-0.000590469882283077	 6.23890648893215e-05	   0.0291470634171613	  0.00113040272548024
PANDA RIGHT
 -0.00153101397423827	-0.000770488795916537	 -0.00374330467894724	 -0.00183705209310961
 0.000164046759955788	-0.000212917328453625	   -0.004181401789573	  0.00291871272851325
-2.41446733198357e-05	 -0.00101128327084387	  0.00209437167770161	 -0.00362657751445428
 0.000211854604631447	  0.00108859559483193	  0.00010043300158517	  0.00293320303768205
 -0.00136451295989379	 -5.7011610160481e-05	   0.0139846180978841	 -0.00122281262979263
-0.000502773406800624	 0.000337084019288624	  -0.0139787780486097	 -0.00268791619297811
 -0.00104718155858975	 0.000135322611337746	  0.00498598870924627	 0.000345174868734907
PANDA TOP
-0.000171819003775508	 0.000592063736981063	  0.00119599309851315	 -0.00650408400188721
 -0.00033027907450044	 -0.00012348949342198	  7.1367257096924e-05	  0.00167098008465099
-0.000278542179283288	-0.000684969630345565	  0.00203590482251168	  -0.0018806068227195
-0.000354471807158635	 0.000890595718253942	 -0.00513113212738271	 0.000169303991919667
 0.000191689211989039	-0.000635038495710443	  0.00445744297678695	 -0.00166835362851388
-0.000244687754394553	-0.000210464448024554	 0.000113771566743719	 -0.00356440770954605
-0.000484237121888689	 4.41610636575034e-05	  -0.0155472680338137	 0.000603165803264801


iteration: 45
eval(before): 2.06871e-05
del_phi.norm(): 9.60614e-06
PANDA LEFT
 0.000474330199485731	 0.000478839096184377	 -0.00304717182455028	  0.00148930715095081
-3.71953707079889e-05	-0.000287979968576589	 -0.00812532487994557	  0.00421891543708936
-0.000154311512100175	 -0.00109006213011442	 0.000317298228757381	 -0.00304407855500663
-0.000119122915387984	 0.000712494520589569	 -0.00571133774527335	  0.00176416987347741
-0.000589787782666523	-0.000327734566109336	  0.00940105167137811	  0.00123845255076997
-0.000436948928559426	-0.000294605663675545	  -0.0156657623271841	 -0.00528845400048227
-0.000590791776549342	 6.23889595042871e-05	   0.0291455317050513	  0.00112959366511973
PANDA RIGHT
 -0.00153124720926447	-0.000769490738985844	 -0.00374401045629871	 -0.00183870867253646
 0.000164142924529298	-0.000212934075407241	 -0.00418361780937602	  0.00291698256727205
-2.32234242280288e-05	 -0.00101225946400743	   0.0020969395369652	  -0.0036258805685864
 0.000211467316173708	  0.00108948446340004	 0.000101536553618643	  0.00293521375351456
 -0.00136412448145757	-5.73747474274288e-05	   0.0139868902245759	 -0.00122233529542442
-0.000502877959452475	 0.000337526858111851	  -0.0139777397613916	 -0.00268850361773568
 -0.00104753526155805	  0.00013533531073372	  0.00498714185479397	 0.000342908710276212
PANDA TOP
-0.000171954364993152	 0.000592301109315831	  0.00119637206144955	 -0.00650561402985857
-0.000330280218037869	-0.000123125429631936	  7.1467104252101e-05	  0.00167227175450659
-0.000278205388053018	-0.000685455522016719	  0.00203509579045917	 -0.00187993834777212
-0.000354080895294434	 0.000890145150252232	 -0.00513011313069421	 0.000169846176537766
 0.000192126499436494	-0.000634995442484278	  0.00445750445831775	 -0.00166642823844405
-0.000244853925134307	-0.000210917975142143	 0.000111219311828246	 -0.00356616802706555
-0.000484256241684578	 4.41595797327794e-05	   -0.015546741618645	  0.00060345325560474


