iteration: 1
eval(before): 2.09192e-05
del_phi.norm(): 7.38231e-05
PANDA LEFT
 0.000484353827869994	 0.000534752531810754	 -0.00309300104526087	  0.00145500217728655
 -4.4367126226041e-05	-0.000291705002854844	 -0.00808165673832279	   0.0041690526003347
 -0.00016217646640078	 -0.00112580906576001	 0.000346820774077591	 -0.00313164991332154
-9.28355629770429e-05	 0.000718937641758718	 -0.00573422888042708	  0.00183345255587961
-0.000587306755806527	-0.000304428724871822	  0.00928214689945849	  0.00120616067655365
  -0.0003780938207521	-0.000280671572340876	   -0.015809153194036	 -0.00535871541750581
-0.000571054318425812	 6.23880789887745e-05	    0.029221886371753	  0.00115996030492272
PANDA RIGHT
 -0.00152542536682527	-0.000802206023196181	 -0.00371154167575368	 -0.00176024363048663
 0.000153581339794029	-0.000216578987359601	 -0.00404150527975319	  0.00300930024140474
-7.45306989109907e-05	-0.000964706766600019	  0.00196243585431051	  -0.0036682539851336
 0.000228020230623851	  0.00104770621729375	 4.67977378299785e-05	  0.00283245781355808
 -0.00138270467403133	-4.16217331685408e-05	   0.0138363776757207	   -0.001232944253789
-0.000511383539227981	 0.000319205437896162	  -0.0140329594101345	 -0.00266176118845217
    -0.00103288579672	 0.000134793893167213	  0.00492350328964117	  0.00045256764465009
PANDA TOP
-0.000162566599904509	 0.000567955493196908	  0.00119790775177581	  -0.0064277438928179
-0.000329998782678136	-0.000136897982948102	 2.71143032665777e-05	  0.00160595919576869
-0.000292127075093233	-0.000664216366847935	  0.00210691114156129	 -0.00192281124698618
-0.000366961883291536	 0.000911401672367828	 -0.00518717454364255	 0.000143939816808679
 0.000176129637177313	-0.000633973769862589	   0.0044596389056478	 -0.00175083932672844
-0.000237869101920435	-0.000188302326829355	 0.000217992236274396	 -0.00343793476307458
-0.000480635434484997	 4.42416161598371e-05	  -0.0155669071321341	 0.000590528572284907


iteration: 2
eval(before): 2.08801e-05
del_phi.norm(): 6.71105e-05
PANDA LEFT
 0.000482467478658507	 0.000530716960257913	 -0.00308527604918532	  0.00145782300871964
-4.26481487082214e-05	-0.000290991991970979	 -0.00809152589831876	   0.0041756158207428
-0.000160506943024056	  -0.0011211383720535	 0.000342702253101411	 -0.00311669712266542
-9.61510834159947e-05	  0.00071857476417128	 -0.00573197496559003	  0.00182615016194072
 -0.00058834440111294	-0.000307780003970074	  0.00929634863242527	  0.00121061174263259
-0.000384864206987719	-0.000281982097700644	  -0.0157916424983333	 -0.00535265963747303
-0.000573820560214081	 6.23897302702379e-05	   0.0292139758584222	  0.00115788504148369
PANDA RIGHT
 -0.00152534569921771	 -0.00080036692691628	 -0.00371486142913235	 -0.00176877830549175
 0.000155866408479653	 -0.00021628011743101	 -0.00406127693637973	  0.00299801402033988
-6.80949289023068e-05	-0.000968323956805262	  0.00197888718827526	 -0.00366201043644665
 0.000226343282908016	  0.00105217363609884	 5.32490180153096e-05	  0.00284548978562484
 -0.00138191089069623	-4.31358605847657e-05	   0.0138592889966423	 -0.00123327205920833
-0.000510360149816521	 0.000321375000830312	  -0.0140258207835098	 -0.00266635046686779
 -0.00103426396096302	 0.000134841378518138	  0.00493240518247193	 0.000440590920545521
PANDA TOP
-0.000163916935985634	 0.000570975408853945	  0.00119461566134918	 -0.00643692533881089
-0.000330198417238153	-0.000135205568455661	 3.79782455954158e-05	  0.00161399025721966
-0.000291012497417325	-0.000666482256919054	  0.00209463880836201	 -0.00191653733136523
-0.000366377616339295	 0.000908798545243878	 -0.00517802263707739	 0.000145942916818384
  0.00017714511997944	-0.000634726379839615	  0.00445802954649028	 -0.00174298974939453
-0.000239711918917353	-0.000191101555513047	 0.000209068108399153	 -0.00345933325444436
-0.000481585062556658	 4.42343197898816e-05	  -0.0155667267177118	 0.000591388501953114


iteration: 3
eval(before): 2.08477e-05
del_phi.norm(): 6.17609e-05
PANDA LEFT
 0.000480911537947736	 0.000526275622028471	 -0.00307815131706118	   0.0014608783563472
-4.12707171015445e-05	 -0.00029045072014694	 -0.00809914036201723	  0.00418124553378229
-0.000159094757923511	 -0.00111689507287378	 0.000339401870313168	 -0.00310403763301096
-9.91337646243336e-05	 0.000718154168372501	 -0.00572944156261015	  0.00181873468537076
-0.000589191490368435	-0.000310664149069541	  0.00930971693237674	  0.00121461135501478
-0.000391394119987682	-0.000283290601737031	  -0.0157750570152074	 -0.00534675088894669
-0.000576205876435216	 6.23909614400726e-05	    0.029204498994648	   0.0011553479073934
PANDA RIGHT
 -0.00152553311566834	 -0.00079823461018138	 -0.00371788856894834	 -0.00177723640491161
 0.000157797904462348	-0.000216027756808667	 -0.00407965759491641	  0.00298718362715948
-6.20397672312778e-05	-0.000972154538063394	  0.00199477334771514	 -0.00365655192714057
 0.000224711469785195	  0.00105659870318598	 5.93360322075721e-05	   0.0028574867045132
 -0.00138083174700348	-4.46068670019995e-05	   0.0138796549199495	 -0.00123337715330963
-0.000509383109073638	  0.00032348212774754	  -0.0140192192204278	 -0.00267051167182154
 -0.00103562712112975	   0.0001348887303052	  0.00493921272286893	 0.000428712125204263
PANDA TOP
-0.000165120426062011	 0.000574045220193963	  0.00119166986950634	 -0.00644579047629233
-0.000330363549084349	-0.000133511857397577	 4.68074754544333e-05	  0.00162146550114863
-0.000289888225958631	-0.000668642274488888	  0.00208316699527007	 -0.00191078741191317
-0.000365627214188927	 0.000906197256401894	 -0.00517055785096457	 0.000148491445721056
 0.000178172252589552	-0.000635324751422624	  0.00445703602736883	 -0.00173403853671408
-0.000241487205005886	-0.000193866878264555	 0.000199224797408674	 -0.00347627557911853
-0.000482388510408834	 4.42276095828775e-05	   -0.015563582511469	 0.000592473314827458


iteration: 4
eval(before): 2.08201e-05
del_phi.norm(): 5.78669e-05
PANDA LEFT
 0.000479708358679084	 0.000521413655881648	 -0.00307302313343354	  0.00146430273174453
-4.01539318420587e-05	-0.000290062859227614	   -0.008105294615014	  0.00418632344979463
-0.000157861133641553	 -0.00111294329449886	 0.000335496530219089	 -0.00309297424654011
 -0.00010180556347304	 0.000717596403632608	 -0.00572712099755905	  0.00181170258081296
-0.000589897853533272	-0.000313118534571943	  0.00932282032261486	  0.00121936886524874
-0.000397692265006129	-0.000284649509030087	  -0.0157594869447041	 -0.00533832792863079
-0.000578242138676817	 6.23920793852356e-05	   0.0291981166804314	  0.00115266117795449
PANDA RIGHT
 -0.00152609484301991	-0.000795715509462322	 -0.00372191801904975	 -0.00178549337607827
 0.000159378785333816	-0.000215925043338392	 -0.00409658506200826	  0.00297696734211635
-5.63909135108592e-05	-0.000976189148965909	  0.00200925141722133	 -0.00365120044980904
 0.000222995908690986	   0.0010609667507726	 6.54318313825479e-05	  0.00286872491184276
 -0.00137956603379524	-4.61796363144532e-05	   0.0138978988076486	 -0.00123259794658059
-0.000508542551175622	 0.000325589702054295	  -0.0140131083026287	 -0.00267231812517779
 -0.00103710045970211	  0.00013493606134655	  0.00494840807537715	 0.000416975030045473
PANDA TOP
-0.000166198717270474	 0.000576952012597382	  0.00119191698172545	  -0.0064540384888503
-0.000330548247463705	-0.000131932105912825	 5.36205766046711e-05	    0.001628852517791
-0.000288802119417813	-0.000670816031540395	  0.00207521033986938	  -0.0019061194390176
-0.000364708314048261	 0.000903905485640278	 -0.00516386165119143	 0.000151037299513887
 0.000179411882183024	-0.000635773384900233	  0.00445643847871452	 -0.00172676071463722
-0.000243084328868027	-0.000196334809520933	 0.000188668441268854	 -0.00349423949800057
-0.000483053397867847	 4.42211536229748e-05	   -0.015564846721411	 0.000593812602485992


iteration: 5
eval(before): 2.07963e-05
del_phi.norm(): 5.48138e-05
PANDA LEFT
 0.000478597062486492	 0.000516253774628908	 -0.00306664130232416	  0.00146766303897126
-3.93540853617973e-05	-0.000289690899699323	 -0.00810993723635625	  0.00419103398615926
-0.000156893127278635	 -0.00110939273441571	 0.000333653635965954	 -0.00308348584606484
-0.000104391118093077	 0.000717068688221597	 -0.00572430798699299	  0.00180433170750831
-0.000590312322690941	-0.000315397109038396	  0.00933479624139372	  0.00122194076128199
-0.000403516390939645	-0.000285945382599886	  -0.0157444071656225	  -0.0053337105153467
-0.000580154693938914	 6.23927391257827e-05	   0.0291862314090895	  0.00114960335328389
PANDA RIGHT
 -0.00152653625808036	-0.000792896429938784	 -0.00372391893614269	 -0.00179365961138675
 0.000160840083557631	-0.000215760336527267	 -0.00411219858050828	  0.00296704992849065
-5.09979709064566e-05	-0.000980048840911008	  0.00202425189107603	 -0.00364711475825715
 0.000221463558534576	  0.00106527240041497	  7.0729436952611e-05	  0.00287926383510822
 -0.00137829777927208	-4.75437536381444e-05	   0.0139143121176787	 -0.00123257196321565
-0.000507939254130632	 0.000327665131123852	  -0.0140073485793983	 -0.00267719203386988
 -0.00103839858414315	 0.000134983079823339	  0.00495055928764328	 0.000405574286338823
PANDA TOP
 -0.00016716723782635	 0.000579700782976124	  0.00118858307846716	 -0.00646227295322658
-0.000330647462307085	-0.000130218541965333	 5.93363134803248e-05	  0.00163544492713017
-0.000287631805053845	-0.000672811252380862	  0.00206447350810301	  -0.0019009131697731
-0.000363711043474105	 0.000901248911712754	 -0.00515852455332928	 0.000154239507195878
 0.000180505834865672	-0.000636139686223536	  0.00445627218040035	 -0.00171587592789346
-0.000244618454410947	 -0.00019906577519667	 0.000178043536722513	  -0.0035035663272978
 -0.00048363512931907	 4.42153967501332e-05	  -0.0155560246865023	 0.000595108216005076


iteration: 6
eval(before): 2.07758e-05
del_phi.norm(): 5.69073e-05
PANDA LEFT
 0.000477946378595561	 0.000510775997919277	  -0.0030648867275496	  0.00147154994033212
-3.87142119573741e-05	-0.000289522028278248	 -0.00811411778511656	  0.00419558202383022
-0.000156005159746511	 -0.00110585373088609	 0.000328559223750201	 -0.00307473197921043
-0.000106597572071089	 0.000716353923560919	 -0.00572251962404322	   0.0017980016843704
-0.000590780868329795	-0.000317195042772993	  0.00934730488606467	  0.00122781194690652
 -0.00040932205279087	-0.000287308395194785	  -0.0157305537357782	 -0.00532135402266348
-0.000581666707244509	 6.23938440229712e-05	   0.0291855513200676	  0.00114671934070441
PANDA RIGHT
 -0.00152769230952518	-0.000789690931512111	 -0.00373021558878183	 -0.00180144306282509
 0.000161811321333431	-0.000215906298328209	 -0.00412640275878777	  0.00295808607499557
-4.61412552035592e-05	-0.000984327627165744	  0.00203579270520964	  -0.0036415941046866
 0.000219621542242778	  0.00106941664892623	 7.70513687462734e-05	  0.00288942032832219
  -0.0013767914341503	 -4.9279375149824e-05	   0.0139292117199079	 -0.00122996483680769
-0.000507479381776829	 0.000329721822693819	  -0.0140020021818637	 -0.00267416224963205
 -0.00104004860398779	  0.00013503036471376	  0.00496663349329497	 0.000394312639196911
PANDA TOP
-0.000168052305023993	 0.000582070948548907	  0.00119479136548017	 -0.00646947311096668
-0.000330883679040381	 -0.00012885362569344	 6.29549831086385e-05	  0.00164268495143226
-0.000286617348542384	-0.000675061385647249	  0.00206307455199703	 -0.00189825394313796
-0.000362528596370793	 0.000899584605594544	 -0.00515243968877482	 0.000156233937208178
 0.000182198913256207	-0.000636355697443161	  0.00445590784184716	 -0.00171240948606696
-0.000245815804416363	-0.000200928351149371	 0.000166796735596278	 -0.00352528384486902
-0.000484085358615617	 4.42092393054649e-05	  -0.0155673230435351	   0.0005965942878562


iteration: 7
eval(before): 2.07595e-05
del_phi.norm(): 6.94858e-05
PANDA LEFT
 0.000476901466798457	 0.000505269217325428	 -0.00305613659967428	  0.00147462460559896
-3.83843737419216e-05	-0.000289068881865655	 -0.00811661384476499	  0.00419986209442528
-0.000155423624769158	  -0.0011029080087607	 0.000330284885403215	 -0.00306765960161217
-0.000109175095573906	  0.00071577775237503	 -0.00571894738496676	  0.00179016055561946
-0.000590687294127799	-0.000319343256814271	  0.00935737254089556	  0.00122627209793668
-0.000414158069147905	-0.000288582581439084	  -0.0157162733374563	 -0.00532376046789998
-0.000583518534771356	 6.23937256954983e-05	   0.0291645907547211	  0.00114317232722171
PANDA RIGHT
 -0.00152769725934505	-0.000786424147850753	 -0.00372690683868089	 -0.00180935083257613
 0.000163230399038294	-0.000215661212119507	 -0.00413963419379848	  0.00294858115133551
-4.10883894007713e-05	-0.000987602448387133	  0.00205269196358977	 -0.00364038133023229
 0.000218419128910181	  0.00107372180083988	 8.03304175831383e-05	  0.00289881374229714
 -0.00137574287845653	  -5.025508360234e-05	   0.0139426311485645	 -0.00123222110440193
-0.000507355824012333	 0.000331890923897313	  -0.0139968380047969	 -0.00268806449085434
 -0.00104101637562217	 0.000135076681496259	  0.00495008408221158	 0.000383749975394812
PANDA TOP
-0.000168817683538118	 0.000584404311103968	  0.00118296381383344	   -0.006477720393381
-0.000330788323758029	-0.000126844783894303	 6.72793234489377e-05	  0.00164773187349664
-0.000285241956124159	-0.000676672939978259	  0.00204560563680759	 -0.00189150744693174
-0.000361412492501801	 0.000896124436985598	 -0.00514937411447761	 0.000160712067673601
 0.000182935625377874	-0.000636586482019514	  0.00445655684566653	  -0.0016938799264889
-0.000247252473560865	-0.000204251660838782	 0.000156513436094965	 -0.00351679491644909
-0.000484526960881422	 4.42047689240052e-05	  -0.0155364149384958	 0.000597749554574003


iteration: 8
eval(before): 2.07529e-05
del_phi.norm(): 0.000117357
PANDA LEFT
 0.000477085739602027	  0.00049942032604715	 -0.00306204849047621	  0.00147957277764483
-3.82216571540617e-05	-0.000289378988369362	 -0.00812024772995421	  0.00420426623872393
-0.000154887493556052	 -0.00109932686080402	 0.000319820790767963	 -0.00306021128695817
-0.000110601166111894	 0.000715161426930236	 -0.00571915057189675	  0.00178565603966845
-0.000591354003577007	-0.000320165441526131	   0.0093705036476463	  0.00123754731194408
-0.000420154665339102	-0.000289675796174288	  -0.0157047360234831	   -0.005299234845206
 -0.00058421077448658	 6.23958711434951e-05	   0.0291813305449614	  0.00114060464229504
PANDA RIGHT
   -0.001530354950147	-0.000782644432835382	   -0.003744551245944	 -0.00181638271907038
 0.000163020044176267	-0.000216219587130056	 -0.00415126446305842	  0.00294179066427065
-3.75306835911422e-05	-0.000992935409866754	  0.00205561075440318	 -0.00363069081184749
 0.000216119075087819	  0.00107711273371784	 8.98997767725729e-05	  0.00290847955071167
 -0.00137347189880771	-5.25924907326613e-05	   0.0139549333565702	 -0.00122303530799864
  -0.0005071731151791	 0.000333466486731777	  -0.0139921210295359	 -0.00266369167027279
 -0.00104324723986719	 0.000135124644333999	  0.00500521337931954	  0.00037287572740541
PANDA TOP
-0.000169624531127632	 0.000586011994445714	  0.00120954415084071	 -0.00648283363532746
-0.000331353787425086	-0.000126173765902193	 6.69543174508656e-05	   0.0016563143340772
-0.000284593801844709	-0.000679544580326714	  0.00206410225575595	  -0.0018943223017127
-0.000359947850536502	 0.000896603777826034	 -0.00514105260587756	 0.000159748708873946
 0.000185911964628088	-0.000636586717564156	  0.00445532844555262	 -0.00170709066777876
-0.000247762846943772	-0.000204250417579474	 0.000144322627381309	 -0.00356698722041128
 -0.00048479476833156	 4.41975708244132e-05	  -0.0155916528986262	 0.000599459833097144


iteration: 9
eval(before): 2.07812e-05
del_phi.norm(): 0.0002294
PANDA LEFT
 0.000475233416928478	 0.000493969573925333	 -0.00304275852845818	  0.00148082909064816
-3.79025692433949e-05	-0.000288103361422944	 -0.00812007079196076	  0.00420738300204072
 -0.00015428678683032	 -0.00109725846942923	 0.000332098745151701	 -0.00305589316796215
-0.000114192657049802	 0.000713888849680853	  -0.0057128131883424	  0.00177580825900777
-0.000590213870478655	-0.000323387625944955	  0.00937723241720603	  0.00122407573553234
-0.000422767494183638	-0.000291622817134381	  -0.0156895973226681	 -0.00532363269582492
-0.000587059137020294	 6.23934212851779e-05	   0.0291324538500214	  0.00113633742916163
PANDA RIGHT
 -0.00152769681224147	-0.000779331402531872	 -0.00371546837417248	 -0.00182431680110825
 0.000165987363436791	-0.000215650256632909	 -0.00416255429634307	    0.002930475134246
-3.13947196049914e-05	-0.000993532906424813	  0.00208726689078014	 -0.00364097796625416
 0.000215801495489553	  0.00108268383585602	 8.42537696325555e-05	  0.00291597768841725
 -0.00137414361597768	-5.24077552859629e-05	    0.013964938230634	  -0.0012389373787419
-0.000507623667792253	  0.00033686914924684	  -0.0139877529203894	 -0.00272527426994795
  -0.0010431586229885	 0.000135168728734254	  0.00489595580478805	 0.000364029485159675
PANDA TOP
-0.000170036472693287	 0.000588218585548638	  0.00115781269788848	 -0.00649308153571667
 -0.00033048361391865	-0.000122894206488942	 7.34379445569535e-05	  0.00165650513005926
-0.000282373789928265	-0.000679677386134314	  0.00201168217317495	 -0.00187807304745937
-0.000358884527136066	 0.000889359006763885	 -0.00514461626931326	 0.000169921103070575
 0.000184525505269582	-0.000636753304149456	  0.00445857289501473	 -0.00165674658388444
-0.000249782072118489	-0.000210670605940375	 0.000136108479543917	 -0.00349306088010072
-0.000485128830237513	 4.41964963632719e-05	   -0.015466788023419	 0.000600049486723328


iteration: 10
eval(before): 2.09639e-05
del_phi.norm(): 0.000417515
PANDA LEFT
 0.000477515984480396	  0.00048787455682584	 -0.00306694722073258	  0.00149018779832178
-3.93830254840058e-05	   -0.000290422635096	 -0.00812460101103236	  0.00421101888051883
-0.000155290819403796	 -0.00109300220506478	 0.000307619945473009	 -0.00304966059101863
-0.000113003825760402	 0.000715744077641344	 -0.00571899814453204	  0.00177603089537997
-0.000592263577312974	-0.000321140186980865	  0.00939301178719353	  0.00125054644502151
 -0.00043172850508011	 -0.00029017657171476	  -0.0156833173133252	 -0.00527129050686115
-0.000585072611203986	 6.23995538924935e-05	   0.0291840720728679	  0.00113493411419271
PANDA RIGHT
 -0.00153573595141932	-0.000774942369891884	 -0.00378545736460314	 -0.00182958470626106
 0.000161372841508832	-0.000216465990148128	 -0.00416998710415133	  0.00293063922770402
-3.21625483213612e-05	 -0.00100399860369674	  0.00205343510219765	 -0.00360966458635477
 0.000212561794030331	  0.00108201690240274	 0.000112718674534138	  0.00292656373824852
 -0.00136780040778174	-5.62349809095331e-05	   0.0139726330033203	 -0.00120035240108582
-0.000507478200137354	 0.000334839887480963	  -0.0139837160208024	 -0.00260354874437608
 -0.00104683502978691	 0.000135220358457867	  0.00511537434865656	 0.000353555082343176
PANDA TOP
-0.000171216252537321	 0.000588654677475948	  0.00125790195913696	 -0.00649104080338623
-0.000332465817010426	 -0.00012451981476027	 6.22625627776052e-05	   0.0016716366857174
-0.000283283826754364	 -0.00068525211853221	  0.00210270702655081	 -0.00190207810395479
-0.000357058198845473	 0.000897386461425285	 -0.00512365078528666	 0.000156689887391327
 0.000191926745264922	-0.000636602073686802	  0.00445329254071459	 -0.00173812766926119
-0.000248443235291316	-0.000204292907652792	 0.000120534076553754	 -0.00365531892312642
-0.000485336003260789	 4.41840360227675e-05	  -0.0156670801711944	 0.000603473722138885


iteration: 11
eval(before): 2.14733e-05
del_phi.norm(): 0.000684575
PANDA LEFT
 0.000473668990856446	 0.000482391361587754	 -0.00303134227294595	   0.0014862837024632
-3.66357025914146e-05	-0.000286463251284862	 -0.00812026314797297	  0.00420840739750926
-0.000152130426139344	 -0.00109192023804889	 0.000336846834997581	 -0.00305010421202422
-0.000119921725088477	 0.000709363485688166	 -0.00570765734666067	  0.00176437030105398
-0.000588951686877753	-0.000328216400436138	   0.0093960821035076	  0.00121797137864321
-0.000428734382098403	-0.000296774617220244	  -0.0156642440829509	 -0.00532408676900927
-0.000591358184888451	 6.23926259598714e-05	   0.0291080610808061	  0.00113116345553742
PANDA RIGHT
 -0.00152575600575377	-0.000771608057545736	 -0.00366960869653236	 -0.00183834017094617
 0.000170568367310226	-0.000216733383412374	 -0.00417913882077594	  0.00291185078711121
-2.03943501465595e-05	-0.000996375834524416	  0.00214070720405712	 -0.00366088638509163
 0.000212728567665217	  0.00109427369329034	  6.8429692513005e-05	  0.00292328319228368
 -0.00137547030277175	  -5.483055132455e-05	   0.0139707028305843	 -0.00127185224322382
-0.000508600693144951	 0.000344886964016654	  -0.0139846348589832	 -0.00282499119572529
 -0.00104552143491701	 0.000135258885734201	  0.00474836726048337	 0.000348874005770398
PANDA TOP
-0.000170491638053137	 0.000590977073060382	  0.00109724769406142	 -0.00650838191723803
-0.000329451734957551	-0.000118593472400319	 7.67400211844644e-05	  0.00165282259270731
-0.000278743771976147	-0.000681294583499469	  0.00195156599223988	  -0.0018504694526892
-0.000355930391671312	 0.000881185562396249	 -0.00515274361840294	 0.000187368615672476
 0.000184890800280355	-0.000636350201406239	  0.00446146223456904	 -0.00160240834546869
-0.000252328186456756	-0.000218211488950997	 0.000116946330893924	 -0.00342220387040034
-0.000485165706421898	 4.41899172637838e-05	  -0.0153313371880121	 0.000599650692586596


iteration: 12
eval(before): 2.26481e-05
del_phi.norm(): 0.000754993
PANDA LEFT
 0.000477712307809563	 0.000477186156620514	 -0.00305916651099896	  0.00150303534952581
 -4.2778929899664e-05	-0.000292065325647793	 -0.00812347901986029	  0.00421232667567185
-0.000158078649187132	 -0.00108781183639746	  0.00030959033291185	 -0.00304503511076289
-0.000114921666528245	 0.000719211549618026	 -0.00572044714438709	  0.00176680229768735
 -0.00059271686960411	-0.000321494167933791	  0.00940835219153431	  0.00124858296669536
-0.000442575735863346	 -0.00028802618016836	  -0.0156658427873887	 -0.00527956878876784
-0.000585471095962294	  6.2401859336093e-05	   0.0291425331023621	  0.00113060907951451
PANDA RIGHT
 -0.00154008828251499	-0.000767582453827925	  -0.0038313227384491	 -0.00183910724210351
 0.000157980856617092	-0.000215212574333997	 -0.00417314045032088	  0.00292567596978542
 -2.9609221688939e-05	 -0.00101509346151876	  0.00202424049525341	 -0.00358440603983498
 0.000211004215507334	  0.00108395025134638	 0.000148462268562746	  0.00294552660497726
 -0.00136080703958223	-5.77943995692175e-05	   0.0139750326769244	 -0.00116301045251588
-0.000508910113326568	 0.000333484615038803	  -0.0139791004341923	 -0.00255607138944862
 -0.00104861845241646	 0.000135315453521754	  0.00511225914280354	 0.000341732639132482
PANDA TOP
-0.000172614056124019	 0.000590649378368333	  0.00128802203402629	 -0.00649059905246356
-0.000333280199789421	-0.000121889319273706	 5.02248192077699e-05	  0.00168626613936955
-0.000281676081300377	 -0.00069043850823016	  0.00214682246586713	 -0.00192017118962375
-0.000354188740203913	 0.000896943454295485	 -0.00509956720594683	 0.000145999793808766
 0.000197318841753119	-0.000636511126775231	  0.00445234004500318	  -0.0017918381313418
-0.000248929774200199	-0.000205265639046833	 9.56941506001003e-05	 -0.00370023832384346
-0.000485764375005998	 4.41720915699631e-05	  -0.0156343022979514	 0.000611837904398846


iteration: 13
eval(before): 2.22441e-05
del_phi.norm(): 0.000806052
PANDA LEFT
 0.000474620858378572	 0.000470891753323458	  -0.0030425446780144	  0.00149198804109216
-3.73677828179932e-05	-0.000287283862983899	 -0.00811946145241102	   0.0042085899231455
  -0.0001519214925012	 -0.00108539389522099	 0.000321266104289558	  -0.0030447830033024
-0.000122558293462774	 0.000707902788182786	 -0.00570879468452865	  0.00175441469438206
-0.000589734732827653	-0.000329525441540742	  0.00941053973308456	  0.00123621408396577
-0.000437516415752718	-0.000298746026805659	  -0.0156440801737579	 -0.00529178743346208
-0.000592624114029798	 6.23974198825824e-05	   0.0291253157745295	  0.00112428835004919
PANDA RIGHT
 -0.00152918174093525	-0.000763357905039665	 -0.00367029895818065	 -0.00184692334866718
 0.000169683925583509	-0.000217702635298141	  -0.0041861935457063	  0.00290534496946321
-1.54156337362776e-05	 -0.00100444931146945	  0.00214993700558695	 -0.00366178265277476
 0.000209188770061244	  0.00109997352480652	 7.10827631949397e-05	  0.00292776488761163
  -0.0013719992169836	-5.82811443660843e-05	      0.0139663156782	 -0.00127736764500929
-0.000510006281258992	 0.000347961486689515	   -0.013982906639237	 -0.00285283238187046
 -0.00104899230378352	 0.000135353493385103	  0.00469338033770703	 0.000337680814628474
PANDA TOP
-0.000171009181705504	 0.000592179149753708	  0.00109444020392173	 -0.00651503861725988
-0.000329652954599245	 -0.00011699028869493	 6.82040947386432e-05	  0.00165252934519026
-0.000276463637072765	-0.000685492446997053	  0.00195878631084638	 -0.00185358907229674
-0.000352171065449331	  0.00088125207873369	 -0.00514322127579062	 0.000185240773275427
 0.000189890087377334	-0.000635316767278635	   0.0044550064421706	 -0.00162206465576665
-0.000252886817744872	-0.000218809349809729	 9.58317437833745e-05	 -0.00342909561010207
-0.000484715190187107	 4.41762173989958e-05	  -0.0152755036788801	 0.000600354624099594


iteration: 14
eval(before): 2.2995e-05
del_phi.norm(): 0.000780262
PANDA LEFT
 0.000478126322385917	   0.0004664880502991	 -0.00304412787570557	  0.00151119204537364
-4.56539373483117e-05	-0.000293353473844197	 -0.00812378070772479	  0.00421716408767282
-0.000160118833091553	 -0.00108205549662326	  0.00031582148369088	 -0.00304055187144734
-0.000117307067035637	 0.000721469440611381	 -0.00571994751254355	  0.00175547347571288
 -0.00059342358775521	-0.000322345291330786	   0.0094156495396042	  0.00124509335768494
-0.000451491536952719	-0.000286670326830993	  -0.0156467077232866	 -0.00529231556115093
-0.000586392986479792	 6.24073110833169e-05	   0.0291042590788992	  0.00112652906656844
PANDA RIGHT
 -0.00154333562217386	-0.000759884129921975	 -0.00384848516005836	 -0.00184682370541007
 0.000155075575725873	-0.000214126330576449	 -0.00417555164730382	   0.0029214327998538
-2.73177761035622e-05	 -0.00102431918933222	  0.00201291497898903	 -0.00357542273919592
 0.000209551799348521	  0.00108580976278529	  0.00016343430427103	  0.00295647882838908
 -0.00135499461660699	-5.92282819336116e-05	   0.0139764056608846	  -0.0011502628185827
-0.000510836667563132	 0.000332789677345922	  -0.0139761731232523	 -0.00256461371528764
 -0.00105037227361762	 0.000135410629246341	  0.00506854455696106	 0.000332341927188227
PANDA TOP
-0.000173462051677316	 0.000591818640053879	  0.00128621318151612	 -0.00649302360952459
-0.000333555242461568	-0.000119737261275604	  4.1862149979276e-05	  0.00168929830598511
 -0.00027947137642613	-0.000694828596198691	   0.0021561487244315	 -0.00192346551533358
-0.000350830950830972	 0.000897338007820383	 -0.00508861822720057	  0.00014677251244922
 0.000202328645142324	-0.000635772907321664	  0.00444978068476874	 -0.00181362384037214
-0.000249368088371325	-0.000205596760869978	 7.59708617197011e-05	  -0.0037099425363065
-0.000485594071699282	 4.41576809092723e-05	  -0.0155797836396211	  0.00061688370708103


iteration: 15
eval(before): 2.21908e-05
del_phi.norm(): 0.000801978
PANDA LEFT
 0.000475579918745317	 0.000460155243814895	 -0.00304478348061268	  0.00149682138605444
-3.91883446578692e-05	-0.000288379431659142	 -0.00812094003920726	  0.00421383056548358
-0.000152687199911132	 -0.00107867823693193	 0.000309931682437171	  -0.0030387794700239
-0.000125054970834206	 0.000708310658913259	 -0.00570992456905695	  0.00174343009957488
-0.000591032918804569	-0.000330522301800856	   0.0094197779491861	  0.00125233424941649
-0.000445622622750456	-0.000298858204306144	  -0.0156252779964029	 -0.00527064180196341
-0.000593710274076282	 6.24050151358038e-05	    0.029131442772217	  0.00111865172767654
PANDA RIGHT
 -0.00153270526857516	 -0.00075539671902027	 -0.00368246241558993	 -0.00185331173214244
 0.000167223348743188	-0.000217507464473508	 -0.00419014200743207	  0.00290169855611426
-1.28431117731556e-05	 -0.00101284453012436	  0.00214364564148273	 -0.00365622941648825
 0.000206838512265645	  0.00110249532782672	 8.17851807420871e-05	  0.00293603871565073
 -0.00136702964610104	-6.06527939324603e-05	   0.0139676641747789	  -0.0012697909226934
-0.000511857147375928	 0.000348435326162123	  -0.0139791887815792	 -0.00286844488020042
 -0.00105163823322779	 0.000135449273023711	  0.00464627358982657	 0.000327875730145179
PANDA TOP
-0.000171556837050399	 0.000592703497467136	  0.00109874860273306	  -0.0065191388461001
-0.000329825941705575	-0.000115711125653567	 6.03063500794715e-05	  0.00165465983062483
-0.000274134903637904	-0.000689819406104871	  0.00197158593676406	 -0.00186267383585019
-0.000348399013115179	 0.000882995866757957	 -0.00512919607136262	 0.000182172987464263
 0.000195334647872376	-0.000634143274091054	  0.00444900449848441	 -0.00164689826008749
-0.000253069105836757	 -0.00021802905493514	  7.7697236414797e-05	 -0.00344809906359112
-0.000484152146967811	 4.41597851760385e-05	  -0.0152336725115418	 0.000603012780153193


iteration: 16
eval(before): 2.30231e-05
del_phi.norm(): 0.000782645
PANDA LEFT
  0.00047864462151276	 0.000456429772553856	 -0.00303043546818114	   0.0015178696845142
-4.84994530264172e-05	-0.000294589430346854	 -0.00812616106659318	  0.00422444116176023
-0.000161870109570358	 -0.00107579669027502	 0.000318342875932981	 -0.00303625438775618
-0.000119903181475698	 0.000723800110763119	   -0.005719394474653	   0.0017443862499801
-0.000594651793593918	-0.000323301929948632	  0.00942154737068022	  0.00124754182697626
-0.000459258268423945	-0.000285045572985908	  -0.0156283693599252	 -0.00529769821533143
-0.000587494977292658	 6.24156940193585e-05	   0.0290786353157392	  0.00112316765184537
PANDA RIGHT
 -0.00154655160854346	-0.000752358739047642	 -0.00386441506586004	 -0.00185338339129933
 0.000151795815231323	-0.000212688513651442	 -0.00417868453985538	  0.00291813894764582
-2.59984517997648e-05	 -0.00103289024502536	  0.00200146697328281	 -0.00356777752996589
 0.000208439679690194	  0.00108619720788737	 0.000176766886772326	  0.00296574616366625
  -0.0013488652748327	-6.03847505099261e-05	   0.0139798405430854	 -0.00113826854617532
-0.000512883021035595	  0.00033123067980608	  -0.0139721209929193	 -0.00257581315726353
 -0.00105200388336839	 0.000135506694095252	  0.00502440628140823	 0.000322714739385831
PANDA TOP
-0.000174223142915657	 0.000592210012758548	  0.00128557268154424	 -0.00649535262710655
-0.000333687464279699	-0.000118155892413697	 3.45538961747091e-05	  0.00169138613058455
-0.000277091101062822	-0.000699125202283065	  0.00216347787699678	 -0.00192845318210396
-0.000347381354280015	 0.000899114213139044	 -0.00507712059879424	 0.000148866913356963
 0.000207587827261195	-0.000634812438892562	  0.00444696748241198	 -0.00183217449453308
-0.000249503569508655	-0.000204797301939331	 5.93572321252643e-05	 -0.00372639644961121
-0.000485225737458927	 4.41406288928967e-05	  -0.0155367339636474	 0.000621690272063821


iteration: 17
eval(before): 2.21771e-05
del_phi.norm(): 0.000800417
PANDA LEFT
 0.000476294257361877	 0.000450266175303398	 -0.00303986147515596	  0.00150166907624725
-4.14385339421703e-05	-0.000289492251543283	 -0.00812304052224039	  0.00422078768303928
-0.000153640912713784	 -0.00107200295228984	 0.000304002689369647	 -0.00303456377058341
 -0.00012783451396702	 0.000709703887222816	 -0.00571020856977878	  0.00173234820789544
-0.000592538474568431	-0.000331645624104762	  0.00942645947399921	   0.0012644289440327
-0.000452629523697851	-0.000297955868210605	  -0.0156075353660006	  -0.0052594011609354
-0.000594997247554493	 6.24146883528479e-05	   0.0291270247198698	   0.0011142189895551
PANDA RIGHT
 -0.00153593818178326	-0.000747844055682299	 -0.00369541132869974	 -0.00185916122593087
 0.000164334088677617	 -0.00021639955807933	 -0.00419358774029746	   0.0028988236700628
-1.13082302397498e-05	 -0.00102064044727418	  0.00213532254895643	 -0.00365088454630496
 0.000205374690877219	  0.00110305532576276	 9.20356621510971e-05	   0.0029436653200458
 -0.00136138376080061	 -6.2168817084995e-05	   0.0139711822482988	 -0.00126064979975764
-0.000513832801452903	 0.000347382912881801	  -0.0139749923934679	 -0.00288237801357297
 -0.00105364080214812	 0.000135545683770178	  0.00460246131318355	 0.000318313065275578
PANDA TOP
-0.000172180710805575	 0.000592679431879363	  0.00110110200046687	 -0.00652240618942156
-0.000329838738056229	-0.000114611982955038	 5.36344086862447e-05	  0.00165620929491209
-0.000271622616727889	-0.000693957110844522	  0.00198055125927546	 -0.00187032232245144
-0.000344819052978828	 0.000885380642478983	  -0.0051172507979343	 0.000182379263639586
 0.000200657450939749	-0.000632993822143918	  0.00444440196818125	 -0.00166600787305503
-0.000253122592644915	-0.000216734044855942	 6.15690791620268e-05	  -0.0034689132751345
-0.000483606133495041	 4.41415353482849e-05	  -0.0151995943851389	  0.00060632326935422


iteration: 18
eval(before): 2.30433e-05
del_phi.norm(): 0.00078381
PANDA LEFT
 0.000479097310768569	  0.00044707214065517	 -0.00301798965424747	  0.00152378118093423
-5.11568885639865e-05	-0.000295756993238859	 -0.00812840187254493	  0.00423204624583892
-0.000163119406300709	 -0.00106944146316792	 0.000319308973766471	 -0.00303346049768431
-0.000122830465190843	 0.000726021718020138	   -0.005718941225304	  0.00173353543360555
-0.000596074964650462	-0.000324470964653978	  0.00942690487833051	  0.00125288108154603
-0.000465774530871507	-0.000283369145136726	  -0.0156113325888565	 -0.00529909828931161
-0.000588864689750368	 6.24260278848352e-05	   0.0290593856372004	  0.00112002971878642
PANDA RIGHT
 -0.00154954064986867	-0.000745143459527382	 -0.00387856650776747	 -0.00185925877451052
 0.000148686672160303	-0.000210920031851365	 -0.00418160701927916	  0.00291549432641428
-2.49521781495919e-05	 -0.00104044924992337	  0.00199150385611862	 -0.00356182522838789
 0.000207619555350391	  0.00108568736512568	 0.000187940830284046	  0.00297329820340248
  -0.0013427202336498	-6.12562866664435e-05	   0.0139841236455084	  -0.0011276323686177
-0.000514857243892527	 0.000329209272729099	  -0.0139676727062351	 -0.00258770093209556
 -0.00105348585138057	 0.000135603111883739	  0.00498191315502423	 0.000313178766837236
PANDA TOP
  -0.0001749519779985	 0.000592053142294621	   0.0012848835070426	 -0.00649747623710082
-0.000333614683195436	-0.000116952931545819	  2.8253964718737e-05	  0.00169291643507927
-0.000274492875831571	-0.000703109850807704	  0.00216929048478225	 -0.00193379030175176
-0.000344026651435027	  0.00090144492537081	 -0.00506683129084832	 0.000151968656916533
 0.000212672731485128	 -0.00063378456265369	  0.00444425547478578	 -0.00184726253929403
-0.000249537567223058	-0.000203553064612031	 4.42150028795305e-05	 -0.00374580035177554
-0.000484783049249444	  4.4121988160818e-05	  -0.0155023798469536	 0.000626197775682802


iteration: 19
eval(before): 2.21677e-05
del_phi.norm(): 0.000799104
PANDA LEFT
 0.000476821371826288	 0.000441167260707816	 -0.00303176022769835	  0.00150659330331086
-4.37641849058172e-05	-0.000290618496737195	 -0.00812467540220727	  0.00422801955035381
-0.000154377000030939	 -0.00106555502387607	  0.00030120037765483	 -0.00303227339484115
-0.000130898985591273	  0.00071141826785998	 -0.00571026028936217	  0.00172143986784222
-0.000594046958370534	-0.000332908003967279	  0.00943209419235271	  0.00127413897479776
-0.000458497730217057	-0.000296651904637272	  -0.0155911996458479	 -0.00525308418193158
-0.000596484393257224	 6.24257545706594e-05	   0.0291173930934792	  0.00111042594244423
PANDA RIGHT
 -0.00153888699580795	-0.000740717402030921	 -0.00370780501135106	 -0.00186466306792031
 0.000161532434591526	-0.000214747574252498	 -0.00419629349690981	  0.00289654363076812
-1.01077220249797e-05	 -0.00102755484115667	  0.00212717123835954	 -0.00364632097874743
  0.00020441904091711	  0.00110254830797426	 0.000101211753794941	  0.00295015745766355
 -0.00135551819241824	-6.31690332055365e-05	   0.0139754600249891	 -0.00125135998016812
-0.000515721436029746	 0.000345583322403016	  -0.0139706069289305	 -0.00289498734909178
 -0.00105527864289136	 0.000135642271217499	  0.00456108843085204	 0.000308917842941387
PANDA TOP
-0.000172840914805306	 0.000592240041318861	  0.00110185570833742	 -0.00652503997131548
-0.000329661521431949	-0.000113706069131378	  4.7931400439446e-05	  0.00165740762439045
-0.000268922651345262	-0.000697754231996417	  0.00198716003746249	 -0.00187698707793102
-0.000341459074468174	  0.00088796619818628	 -0.00510726567245158	 0.000184390321716059
 0.000205666110267113	-0.000631889145756425	  0.00444066237233023	 -0.00168065770407621
 -0.00025312953705436	-0.000215282587785687	 4.66512090401034e-05	 -0.00349012364405656
-0.000483082613522181	 4.41222363904488e-05	   -0.015171366241398	   0.0006098265942651


iteration: 20
eval(before): 2.30643e-05
del_phi.norm(): 0.00078486
PANDA LEFT
 0.000479485586475382	 0.000438421950590194	 -0.00300654730195486	  0.00152934593056722
 -5.3638182651436e-05	-0.000296933071342985	 -0.00812999370078735	  0.00423940436445339
-0.000163878362941757	 -0.00106327265557064	 0.000319884643085015	   -0.003032207677739
 -0.00012599860685133	 0.000728064748914834	 -0.00571877471874961	  0.00172298120956713
-0.000597486174160631	-0.000325752478612399	  0.00943212170606638	  0.00125927720586037
-0.000471170690352511	-0.000281730541566641	  -0.0155957445451358	 -0.00529866308422451
 -0.00059040326425084	 6.24376197850259e-05	   0.0290430051845034	  0.00111701479332796
PANDA RIGHT
 -0.00155235075840153	-0.000738301648344142	 -0.00389133786351195	 -0.00186467433976195
  0.00014587186163584	-0.000208927625204589	 -0.00418385905978516	  0.00291344412458878
-2.39410578213186e-05	 -0.00104703826701763	  0.00198293839422997	 -0.00355712438725823
 0.000206987598905921	  0.00108462328161716	 0.000197449471824691	  0.00297939104358938
 -0.00133662802959519	-6.19245676496724e-05	   0.0139886168482668	 -0.00111787640471334
-0.000516655255219183	 0.000326938490401431	  -0.0139630914387175	 -0.00259900692529578
 -0.00105486970780544	 0.000135699559645625	  0.00494149935000397	 0.000303820828423677
PANDA TOP
-0.000175664583940837	 0.000591488135279547	   0.0012840352485719	 -0.00649924287284572
 -0.00033336173273356	-0.000116049315106522	 2.27804121542419e-05	  0.00169418798032426
  -0.0002717298717887	-0.000706735806883783	  0.00217440260378636	 -0.00193929603082971
-0.000340835023594574	 0.000903985743488399	 -0.00505776102571625	  0.00015550556797384
 0.000217480611916646	-0.000632754744721732	  0.00444165649713417	 -0.00185959387522882
-0.000249515337373341	-0.000202139161164688	 3.00615976041983e-05	 -0.00376658367002503
-0.000484316672556406	 4.41024677989618e-05	   -0.015474619140569	 0.000630412757781453


iteration: 21
eval(before): 2.21632e-05
del_phi.norm(): 0.000798233
PANDA LEFT
 0.000477238430193509	 0.000432811014323699	 -0.00302255885784297	   0.0015115508307327
-4.60552809016184e-05	-0.000291798095917883	 -0.00812569466621578	  0.00423507619986274
-0.000154785601549439	 -0.00105946265526542	 0.000300175157296468	  -0.0030315862237032
-0.000134154913223638	 0.000713150638244913	  -0.0057104133937775	  0.00171081487169147
-0.000595440467989322	-0.000334224752039555	  0.00943734066535198	  0.00128242097558124
-0.000463351762012017	-0.000295227851003131	  -0.0155762709709094	 -0.00524914633275256
-0.000598084259654891	 6.24377479380519e-05	   0.0291052314893298	  0.00110698189003378
PANDA RIGHT
 -0.00154164071299618	-0.000734018413122234	 -0.00371930346923224	 -0.00186985068797825
 0.000158955957346859	-0.000212803079591547	 -0.00419812818548174	  0.00289481773365522
-8.99151144965369e-06	 -0.00103360573731087	  0.00211985845215315	 -0.00364258493735884
 0.000203733043574788	   0.0011014449774532	 0.000109227408581122	  0.00295549155988855
 -0.00134961112463837	 -6.3877146833796e-05	   0.0139799150407032	 -0.00124236070522059
 -0.00051743177016124	 0.000343424017318077	  -0.0139661738239765	 -0.00290635545668839
 -0.00105673024890169	 0.000135738767498259	  0.00452194889141726	 0.000299769516572341
PANDA TOP
-0.000173512503671322	 0.000591465767188819	  0.00110152973887957	 -0.00652711986429497
-0.000329324009770741	-0.000113000129932183	 4.30079356485332e-05	  0.00165840576034733
-0.000266089470555647	-0.000701190632612495	  0.00199250848750294	 -0.00188311598792316
-0.000338312959282536	 0.000890587227652699	 -0.00509877270326081	  0.00018723741672638
 0.000210348023540249	-0.000630831454792394	  0.00443737919910588	 -0.00169201782635269
-0.000253099669136767	-0.000213801545933133	 3.26850402129738e-05	 -0.00351124146856776
-0.000482577306881579	 4.41023891858164e-05	  -0.0151478327117946	 0.000613278899342151


iteration: 22
eval(before): 2.30861e-05
del_phi.norm(): 0.000785907
PANDA LEFT
 0.000479828648520678	 0.000430469643495167	 -0.00299598399978727	  0.00153471803877166
 -5.5983696721241e-05	-0.000298162181656481	 -0.00813099308770244	  0.00424641955171142
-0.000164210047962574	 -0.00105744389692518	 0.000320527997479818	  -0.0030322543530957
-0.000129316283252594	 0.000729896730651473	 -0.00571896187123576	  0.00171275976423294
-0.000598773489335564	-0.000327059313528568	  0.00943735085750325	  0.00126588896741378
-0.000475612416873935	-0.000280174758931782	  -0.0155815280774831	 -0.00529744802817997
-0.000592021991654387	 6.24500152095472e-05	   0.0290278486849097	  0.00111409839652751
PANDA RIGHT
 -0.00155502545983625	-0.000731860800511841	 -0.00390292014992374	  -0.0018697161585226
 0.000143346853056342	-0.000206818164900508	 -0.00418528570136987	  0.00291193960003878
-2.29011212250482e-05	 -0.00105276355652898	  0.00197564948262161	 -0.00355339911671348
 0.000206459932269279	  0.00108322167006348	 0.000205584246087204	  0.00298425836220363
 -0.00133062298495396	-6.24628403812849e-05	   0.0139930739660861	 -0.00110879551836267
-0.000518245823580672	 0.000324551582401358	  -0.0139585010089309	 -0.00260940381295559
 -0.00105620226745991	 0.000135795828311039	  0.00490317453618043	  0.00029474890699756
PANDA TOP
 -0.00017636230113421	 0.000590596637588553	  0.00128292415846457	 -0.00650060278257239
-0.000332967201926712	 -0.00011538571599301	 1.80100404919609e-05	  0.00169531963400855
-0.000268861792128123	-0.000710009817385609	  0.00217915492147152	 -0.00194486644978016
-0.000337823829121862	 0.000906569304497407	 -0.00504972825248635	 0.000159157038546839
 0.000221999319309622	-0.000631748051829031	  0.00443911734520802	 -0.00186961487791909
-0.000249450514189592	-0.000200685263381948	 1.67692850381227e-05	 -0.00378781721199947
 -0.00048384521099526	 4.40825327857504e-05	  -0.0154519163679467	 0.000634335303546732


iteration: 23
eval(before): 2.21624e-05
del_phi.norm(): 0.000797707
PANDA LEFT
 0.000477589615946567	 0.000425167365013232	 -0.00301322865509622	  0.00151648313176646
-4.82886844581274e-05	-0.000293048267628587	 -0.00812623355465637	  0.00424187226582074
-0.000154865463705356	 -0.00105379152396716	 0.000300207207518843	 -0.00303215416653695
-0.000137525222976799	 0.000714767993820856	 -0.00571081348951894	  0.00170052070196315
-0.000596660676824933	-0.000335532714282549	  0.00944247125754584	  0.00128976195066603
-0.000467345496892067	-0.000293811310709521	  -0.0155626368607346	 -0.00524642143234461
-0.000599728751362037	 6.24503436834673e-05	   0.0290917671026386	  0.00110375186498152
PANDA RIGHT
 -0.00154424847837425	-0.000727748313453411	 -0.00372986018932307	 -0.00187472290873183
 0.000156614792000622	-0.000210726593685687	 -0.00419909373958753	  0.00289360219737296
-7.88604421080242e-06	 -0.00103887303664275	  0.00211354086105636	 -0.00363958760067561
 0.000203181830476614	  0.00110000553530895	 0.000116163275177551	  0.00295978276302556
 -0.00134375006526889	-6.44209972535681e-05	   0.0139843307708226	 -0.00123377980436764
-0.000518941043838778	 0.000341108334546636	  -0.0139617555628759	 -0.00291660276198299
 -0.00105809249973391	 0.000135835000643669	  0.00448486485186845	 0.000290953623706935
PANDA TOP
-0.000174180560914505	   0.0005904082916537	  0.00110047757919564	 -0.00652869862450953
-0.000328863347757188	-0.000112472282612133	  3.8738930845479e-05	  0.00165929312065413
-0.000263177386899939	-0.000704284263610228	  0.00199721648582644	 -0.00188896065491325
 -0.00033536601961382	 0.000893160568858979	 -0.00509137834302468	 0.000190393575872322
  0.00021472577062006	-0.000629818373743406	    0.004434323904791	 -0.00170086210120748
-0.000253037775575454	  -0.0002123523646007	 1.95960061410084e-05	 -0.00353205581224001
-0.000482085379204124	 4.40823361753691e-05	  -0.0151281813291787	 0.000616575495012434


iteration: 24
eval(before): 2.31078e-05
del_phi.norm(): 0.000786924
PANDA LEFT
 0.000480136878271484	 0.000423202750795651	  -0.0029862256785493	  0.00153993450760551
-5.82318934848399e-05	-0.000299456856470495	 -0.00813157595140503	  0.00425313379766483
   -0.000164183745167	 -0.00105202490630833	 0.000321387524987228	 -0.00303334823389811
-0.000132719464221641	 0.000731509630864374	 -0.00571950518806098	  0.00170288030562658
-0.000599886145329342	-0.000328339881656852	  0.00944263231406481	  0.00127235443168579
 -0.00047926121922037	 -0.00027872072033838	  -0.0155685456514836	 -0.00529595877121975
-0.000593663845203911	 6.24629064592197e-05	   0.0290131480134353	  0.00111126644834738
PANDA RIGHT
 -0.00155757960550341	-0.000725833879950158	 -0.00391345233321708	 -0.00187441985663116
 0.000141069559502606	-0.000204675497638414	 -0.00418589787729102	  0.00291091360943863
-2.18336188723478e-05	 -0.00105772843126578	  0.00196950112714343	 -0.00355045516425576
 0.000205981279577449	  0.00108162156725231	 0.000212560424056064	  0.00298810192503669
  -0.0013247323512958	-6.29208160583258e-05	   0.0139974158726452	 -0.00110027613795111
-0.000519634222198306	 0.000322133035460096	  -0.0139539615490641	 -0.00261887954178943
 -0.00105751270025514	 0.000135891780014487	  0.00486680222262381	 0.000286044787713818
PANDA TOP
-0.000177042781599591	 0.000589430899894288	  0.00128152031242438	  -0.0065015655026042
-0.000332466973013958	-0.000114907864747194	 1.38593712789145e-05	  0.00169636955400562
 -0.00026593827608206	-0.000712956405024627	  0.00218372198134071	 -0.00195045155766228
-0.000334990659782435	 0.000909103978314087	 -0.00504253846720377	  0.00016273551932529
 0.000226240623422568	-0.000630773310595151	  0.00443658429652321	 -0.00187765773258488
-0.000249356433367554	-0.000199261554478065	 4.30201005927148e-06	 -0.00380899440973774
-0.000483375046357887	 4.40624961922347e-05	  -0.0154332142382165	 0.000637968870713954


iteration: 25
eval(before): 2.21638e-05
del_phi.norm(): 0.000797433
PANDA LEFT
 0.000477894828386838	 0.000418212782042995	 -0.00300420922959489	  0.00152133966175321
-5.04687874654233e-05	-0.000294367342464542	 -0.00812646755521152	  0.00424843384823365
-0.000154650043816615	  -0.0010485646988769	 0.000300901535591168	 -0.00303370110021211
-0.000140957636808994	 0.000716217778092445	 -0.00571150688514476	  0.00169057570417307
-0.000597686413285263	-0.000336796413740427	   0.0094475907293427	  0.00129642075285064
-0.000470629170052737	-0.000292457828288883	  -0.0155501619454334	 -0.00524436846294337
-0.000601375238157853	 6.24633073273271e-05	   0.0290775741216192	  0.00110067129892401
PANDA RIGHT
 -0.00154672562434571	-0.000721906281893263	  -0.0037395179112048	 -0.00187928079342994
 0.000154479553298101	-0.000208619915023767	 -0.00419927778484132	  0.00289283566958628
-6.78338842126806e-06	 -0.00104344106092408	   0.0021081986398881	 -0.00363722146191409
 0.000202690694933901	   0.0010983818273987	 0.000122138505151159	  0.00296316464082228
 -0.00133798665659935	-6.48716285423037e-05	   0.0139886225584158	 -0.00122562581252959
-0.000520258438158075	 0.000338748230911141	  -0.0139573944966491	 -0.00292586568814074
 -0.00105941495325104	 0.000135930858297105	  0.00444962970024516	 0.000282528365961243
PANDA TOP
  -0.0001748359572227	 0.000589105291073679	  0.00109891563793824	 -0.00652982819083051
-0.000328312232019117	-0.000112087892973161	 3.50379627700127e-05	  0.00166012300462746
-0.000260229950100992	-0.000707063200605088	  0.00200161919221423	 -0.00189464137514018
-0.000332601788309954	 0.000895635666236593	 -0.00508480887871375	 0.000193585212875523
 0.000218823794505098	-0.000628846439093665	  0.00443138061386626	 -0.00170768574080251
-0.000252956141166936	-0.000210972642027628	 7.34974561270955e-06	 -0.00355242994123438
-0.000481602836720749	 4.40623177904075e-05	   -0.015111791376791	 0.000619669348241592


iteration: 26
eval(before): 2.31291e-05
del_phi.norm(): 0.000787901
PANDA LEFT
 0.000480413378366188	 0.000416603547687968	 -0.00297721886641288	  0.00154499102459103
-6.04125527408982e-05	-0.000300813010899761	 -0.00813190440628182	  0.00425961451241329
-0.000163861148202627	  -0.0010470379581079	  0.00032248347225646	  -0.0030352825400829
-0.000136165362263224	 0.000732910321819078	 -0.00572038025353761	  0.00169333802314049
-0.000600808548480258	-0.000329567020285674	   0.0094479609713691	   0.0012785338869456
-0.000482264955317102	-0.000277372368642024	  -0.0155566567762193	  -0.0052944294157808
 -0.00059529440078491	  6.2476077738789e-05	   0.0289985540291693	  0.00110850738856289
PANDA RIGHT
 -0.00156001138938674	-0.000720223899771213	 -0.00392305407829555	 -0.00187880278685152
  0.00013899154214638	-0.000202559634333848	 -0.00418578316203211	  0.00291029656145722
-2.07606893736084e-05	 -0.00106202296166642	  0.00196435331506841	 -0.00354814536216438
 0.000205517606515294	  0.00107991331783303	 0.000218553811717283	  0.00299108816798337
 -0.00131897832497683	-6.33297111455029e-05	   0.0140016198849143	 -0.00109222486997661
-0.000520841141834889	 0.000319735637823532	  -0.0139495114907615	 -0.00262750676543032
  -0.0010588165992381	 0.000135987324860012	  0.00483218969615206	 0.000277762452681467
PANDA TOP
-0.000177703106692009	 0.000588029648405475	  0.00127984206542162	 -0.00650216073128669
 -0.00033189072166382	-0.000114568169784634	  1.0260672164575e-05	  0.00169737550280603
-0.000262997519495745	 -0.00071560437770687	  0.00218821503048159	 -0.00195602325596232
-0.000332325456705274	  0.00091153605551507	 -0.00503603124899728	 0.000166138725302851
 0.000230220568415097	-0.000629832470948617	  0.00443403046373422	 -0.00188398947699615
-0.000249250592654215	-0.000197909610023213	-7.36673676462556e-06	 -0.00382982925230763
-0.000482907636348753	 4.40425728406207e-05	  -0.0154177750062227	 0.000641320453669019


iteration: 27
eval(before): 2.21666e-05
del_phi.norm(): 0.000797261
PANDA LEFT
  0.00047816177462397	 0.000411919828262666	 -0.00299568761626467	  0.00152608235121012
-5.26072470751501e-05	 -0.00029574558173745	  -0.0081265378860318	  0.00425481109337245
-0.000154180839677331	 -0.00104378082162743	 0.000302031157835814	 -0.00303602256424489
-0.000144416546055754	 0.000717487936141401	 -0.00571249264029701	  0.00168098084386179
 -0.00059851724052861	-0.000337997219238671	  0.00945272932988351	  0.00130254455992959
-0.000473340141420774	-0.000291186699012615	  -0.0155387165221484	 -0.00524273184934433
-0.000602997395664884	 6.24764669070819e-05	   0.0290629287719584	  0.00109770586100409
PANDA RIGHT
 -0.00154907332940095	 -0.00071648510893053	 -0.00374835859874523	 -0.00188353407700092
 0.000152510899167474	-0.000206547371192173	 -0.00419880149167731	  0.00289244133202585
-5.69901085508358e-06	 -0.00104738806497366	  0.00210372980104846	 -0.00363538384736931
 0.000202217940522566	  0.00109666377951868	 0.000127279820538715	  0.00296576270540614
 -0.00133235299951526	 -6.5269095876854e-05	   0.0139927814987885	 -0.00121785409976124
-0.000521406956683915	 0.000336404978163164	  -0.0139531221357956	  -0.0029342519673034
 -0.00106072222541317	 0.000136026269420446	  0.00441609806465553	 0.000274535217349211
PANDA TOP
 -0.00017547346777375	 0.000587588107871212	  0.00109699196670617	 -0.00653056375205376
-0.000327698008340657	 -0.00011181224645805	 3.18482410437038e-05	  0.00166093401139405
-0.000257281172031941	-0.000709558036322207	  0.00200590230300204	 -0.00190021941160573
-0.000330004383705741	 0.000897982358714436	 -0.00507887419498012	 0.000196657240376584
 0.000222664260638821	-0.000627912445542219	  0.00442848110001744	 -0.00171284309482402
-0.000252872180104224	-0.000209685418813608	-4.09006157144548e-06	 -0.00357229287373251
-0.000481126889013864	 4.40425027648112e-05	  -0.0150982246712756	  0.00062254454040673


iteration: 28
eval(before): 2.31492e-05
del_phi.norm(): 0.000788798
PANDA LEFT
 0.000480657718446627	 0.000410645139596897	 -0.00296891663915966	  0.00154987565016494
-6.25465508603623e-05	-0.000302220142329564	 -0.00813209928676653	   0.0042659228344804
-0.000163293038134756	 -0.00104248065289339	 0.000323790692366876	 -0.00303789729209575
-0.000139625028523955	 0.000734113727100619	 -0.00572155363435096	  0.00168412397653778
-0.000601542836049191	-0.000330727586424119	  0.00945331990430626	   0.0012843841275122
-0.000484753906487235	-0.000276125578000895	    -0.01554573498607	 -0.00529296867749295
-0.000596893006388116	 6.24893740141529e-05	   0.0289839072784522	  0.00110581276758481
PANDA RIGHT
 -0.00156231368520207	-0.000715024078766806	  -0.0039318268006235	 -0.00188287966876942
 0.000137069549781437	-0.000200511598180744	 -0.00418506497369259	  0.00291001643094522
-1.97066545492694e-05	 -0.00106572400086108	  0.00196007895104246	 -0.00354635897046844
  0.00020504801713783	  0.00107815649244771	 0.000223706491958486	  0.00299334270328367
 -0.00131337867161829	-6.37092412850102e-05	   0.0140056970604363	 -0.00108457601463089
-0.000521892784261048	 0.000317391966137429	  -0.0139451716479664	 -0.00263536758698999
 -0.00106012164533945	 0.000136082406328698	  0.00479920670659387	 0.000269937033530046
PANDA TOP
-0.000178341060088871	 0.000586425625533224	  0.00127792158446333	 -0.00650242525460174
 -0.00033126240289893	-0.000114327830233905	 7.15795727539036e-06	  0.00169836469461974
-0.000260068607786889	-0.000717982320523962	  0.00219269006737405	 -0.00196155764795638
-0.000329815952113266	 0.000913833983330405	 -0.00503008511349444	 0.000169316617573679
  0.00023395484783658	-0.000628924967657209	  0.00443144495054449	 -0.00188882494268433
-0.000249152325682554	-0.000196654561073466	-1.82691214033268e-05	 -0.00385016697213352
-0.000482442846882118	 4.40229112802994e-05	  -0.0154051051312562	 0.000644409548884095


iteration: 29
eval(before): 2.21702e-05
del_phi.norm(): 0.000797169
PANDA LEFT
 0.000478392462709296	 0.000406255792777419	 -0.00298773383665782	  0.00153068369378654
-5.47141331544129e-05	-0.000297170168707557	 -0.00812654232570756	  0.00426105030980312
-0.000153495700473338	 -0.00103942561054367	  0.00030345476038314	 -0.00303896707942846
-0.000147877979600642	 0.000718582637428817	 -0.00571374998080428	   0.0016717297281416
-0.000599162304985439	-0.000339127021929961	  0.00945788987531396	  0.00130822786571466
-0.000475598038969758	-0.000290002492099644	  -0.0155281838520583	  -0.0052413812943548
-0.000604579682715216	 6.24896942823302e-05	   0.0290479764857609	  0.00109483624531882
PANDA RIGHT
 -0.00155128650833543	-0.000711472438829799	 -0.00375646002947471	 -0.00188749093092802
 0.000150673981128789	-0.000204549912205671	 -0.00419778753005653	  0.00289234884596468
-4.64961094417525e-06	 -0.00105078216923604	  0.00210003987685947	 -0.00363399209150101
 0.000201739635072789	   0.0010949105913517	  0.00013169731608909	   0.0029676867848374
 -0.00132687102723672	-6.56368442192747e-05	   0.0139968164329609	 -0.00121043455954078
-0.000522411162712146	 0.000334115434383401	  -0.0139489529544364	 -0.00294188383757445
 -0.00106202629964809	  0.00013612119110811	  0.00438411891168291	 0.000266999180927514
PANDA TOP
-0.000176089817736711	 0.000585886528238411	  0.00109479731419072	 -0.00653094913022811
-0.000327042121161174	 -0.00011161469652412	  2.9114045517721e-05	   0.0016617534567264
-0.000254356482016231	-0.000711796535952825	  0.00201016560624384	 -0.00190571138683491
-0.000327559285152338	 0.000900181668306574	 -0.00507344881998882	 0.000199542936683234
 0.000226264519475235	-0.000627013397034412	  0.00442559991994189	 -0.00171658580928263
-0.000252803791595027	-0.000208506052548645	-1.47643318876008e-05	 -0.00359160136582246
-0.000480655415035226	 4.40230101203552e-05	  -0.0150871087637041	 0.000625211852900043


iteration: 30
eval(before): 2.31679e-05
del_phi.norm(): 0.000789616
PANDA LEFT
 0.000480868373272789	 0.000405293669402371	 -0.00296127240181456	  0.00155457596024899
 -6.4647906108525e-05	-0.000303666203099199	 -0.00813224029275427	  0.00427210545312232
-0.000162520342425752	 -0.00103833838077959	  0.00032527123179374	 -0.00304106948514287
-0.000143078272357183	 0.000735137606335166	 -0.00572298972414968	   0.0016752268475335
-0.000602098932698441	 -0.00033181598173015	  0.00945869011315926	  0.00128990438902387
-0.000486839848101851	-0.000274972983354899	  -0.0155356688422719	 -0.00529162500003173
-0.000598447116071575	 6.25026816950768e-05	      0.0289691406581	  0.00110317710611121
PANDA RIGHT
 -0.00156447922193788	-0.000710220947555313	 -0.00393986159846535	 -0.00188666670739992
 0.000135268743924991	-0.000198558641628099	 -0.00418386330645939	   0.0029100050534531
-1.86906205910138e-05	 -0.00106889779669547	  0.00195656420512704	  -0.0035450096051356
 0.000204559564073447	  0.00107639303331406	 0.000228137225210675	  0.00299496807081121
 -0.00130794645883727	-6.40722927910199e-05	   0.0140096564416907	 -0.00107728057547404
-0.000522813937027544	 0.000315122978389398	  -0.0139409538012766	 -0.00264256065231918
  -0.0010614313362592	 0.000136176991799154	  0.00476771113099912	 0.000262579705957921
PANDA TOP
-0.000178955177066307	 0.000584648775085973	  0.00127579486482355	 -0.00650239960185227
-0.000330601097981517	-0.000114156483576095	 4.49932112412583e-06	  0.00169935337279507
-0.000257173639115195	-0.000720116478330403	  0.00219718625256198	 -0.00196703783086412
-0.000327449987117438	  0.00091598011498526	 -0.00502460923030037	 0.000172244754634637
 0.000237457806076938	-0.000628049373854624	  0.00442882124716048	 -0.00189234879474965
-0.000249078679273747	-0.000195511160594351	 -2.8444582470456e-05	 -0.00386993105235719
-0.000481980133486467	 4.40036142362596e-05	  -0.0153948149683165	 0.000647254692771474


iteration: 31
eval(before): 2.21744e-05
del_phi.norm(): 0.00079714
PANDA LEFT
 0.000478586898867071	 0.000401182844416449	 -0.00298035844496219	  0.00153512545907871
-5.67977043020681e-05	-0.000298628863125159	 -0.00812654200842667	  0.00426718710470588
-0.000152627943124769	 -0.00103547870902993	 0.000305081244241879	 -0.00304242082773402
-0.000151324734429808	 0.000719514667299725	 -0.00571525048126962	    0.001662811766302
-0.000599634507662729	-0.000340182622518052	  0.00946306434049902	  0.00131353475287334
-0.000477504977753137	-0.000288901726673929	  -0.0155184606761559	 -0.00524025020456508
-0.000606112356678352	 6.25028934095906e-05	   0.0290327964068505	  0.00109205173991176
PANDA RIGHT
 -0.00155335988446976	-0.000706850883119864	 -0.00376389796950437	 -0.00189116405967434
 0.000148939858678851	-0.000202652480452005	  -0.0041963489899588	  0.00289249591683156
-3.64903176459016e-06	 -0.00105368373555032	  0.00209703381059199	 -0.00363297558820501
 0.000201242421664799	  0.00109316158119445	 0.000135490381008197	  0.00296902938682753
 -0.00132155447515708	-6.59886215910332e-05	   0.0140007355495069	 -0.00120333249422661
-0.000523294208013236	 0.000331900835184992	   -0.013944897070792	 -0.00294887118684414
 -0.00106333222518908	  0.00013621560116044	  0.00435354143481665	 0.000259926680505962
PANDA TOP
-0.000176683129738662	 0.000584028348794998	  0.00109239485618094	 -0.00653102599011877
-0.000326361486139556	 -0.00011147073746064	 2.67828649953321e-05	  0.00166259642223919
-0.000251475008704271	-0.000713803569524257	  0.00201446379261902	 -0.00191111859441024
-0.000325253616289246	 0.000902222938185031	 -0.00506844562417867	  0.00020221344412162
 0.000229639324955931	-0.000626146746026812	  0.00442272650561279	 -0.00171910661269329
-0.000252765897638731	 -0.00020744383511154	-2.47185416789738e-05	 -0.00361032802908152
-0.000480186965314643	 4.40039224163859e-05	  -0.0150781285165993	 0.000627685342947953


iteration: 32
eval(before): 2.31854e-05
del_phi.norm(): 0.000790364
PANDA LEFT
 0.000481044027211244	 0.000400510121474905	 -0.00295424195604705	  0.00155908367898391
-6.67262841038108e-05	 -0.00030514018640524	 -0.00813237561500148	  0.00427819545948676
-0.000161576596691912	 -0.00103459060467133	 0.000326885499941763	 -0.00304470281694281
-0.000146510181277749	  0.00073600131250636	 -0.00572465459963228	  0.00166663463249546
-0.000602489841208098	-0.000332830120048017	  0.00946405497979095	  0.00129511248577494
-0.000488617223044125	-0.000273905185025982	  -0.0155263610234108	 -0.00529041526884791
-0.000599948663220218	 6.25159173715905e-05	   0.0289542347388619	  0.00110059730096186
PANDA RIGHT
 -0.00156650292463992	-0.000705795900207967	 -0.00394724065171965	 -0.00189017990852253
 0.000133561508659146	 -0.00019671726208506	 -0.00418228407063963	  0.00291020468252613
-1.77263667647228e-05	 -0.00107160276136471	  0.00195370649526659	 -0.00354402556269179
 0.000204044925678162	   0.0010746518479067	 0.000231949231728546	  0.00299605097643055
 -0.00130268952892841	-6.44269306829729e-05	   0.0140135053903089	 -0.00107029461798291
-0.000523626618371217	 0.000312940675047526	  -0.0139368655057684	 -0.00264917743304196
 -0.00106274641089498	 0.000136271066588576	  0.00473755984369112	 0.000255688973714431
PANDA TOP
 -0.00017954461912493	 0.000582726551179579	  0.00127349889897856	 -0.00650212000938247
-0.000329921842167776	-0.000114031376945024	 2.23383306229156e-06	  0.00170035257461735
-0.000254329210419626	-0.000722030253051218	  0.00220173145332858	 -0.00197245030166559
-0.000325216209023391	 0.000917965803804624	 -0.00501953468309511	 0.000174916343158751
 0.000240742642706782	-0.000627203967982018	  0.00442616061461553	 -0.00189472126713114
 -0.00024904258471472	-0.000194487285685933	-3.79382194195343e-05	 -0.00388908413977503
 -0.00048151888431498	  4.3984750837678e-05	  -0.0153865891303742	 0.000649875620816996


iteration: 33
eval(before): 2.21788e-05
del_phi.norm(): 0.000797154
PANDA LEFT
 0.000478744807465291	 0.000396659405196476	 -0.00297354450195493	  0.00153939669905933
-5.88644530554902e-05	-0.000300111251240621	 -0.00812657080752006	  0.00427324691186934
-0.000151606328656665	 -0.00103191679417091	 0.000306849011059113	 -0.00304629559492523
-0.000154743842703099	 0.000720300920313584	 -0.00571696432345194	  0.00165421366155427
-0.000599947880078386	-0.000341163079160086	  0.00946824097041836	  0.00131851175798479
  -0.0004791467841121	-0.000287876778659054	  -0.0155094561286842	 -0.00523930231517705
-0.000607588995492979	 6.25159932843229e-05	    0.029017435458585	  0.00108934556902375
PANDA RIGHT
 -0.00155529043440636	-0.000702599162263536	 -0.00377074500291269	 -0.00189456861512893
 0.000147285103608357	-0.000200868995411691	 -0.00419458346976414	  0.00289282946471238
-2.70740333544028e-06	 -0.00105614700219327	  0.00209462078171333	  -0.0036322725442985
 0.000200719315648467	  0.00109144254053739	 0.000138748310247851	  0.00296986877546634
 -0.00131641045416233	-6.63324791363268e-05	   0.0140045461721188	  -0.0011965132391594
-0.000524076534190674	 0.000329772076738085	  -0.0139409618167417	 -0.00295530517783112
 -0.00106464137033409	 0.000136309492845735	  0.00432422914990049	 0.000253313309559948
PANDA TOP
-0.000177252531953209	 0.000582039329093852	  0.00108983398513972	   -0.006530832798367
-0.000325669488231527	 -0.00011136204924952	 2.48059014290787e-05	  0.00166347145533856
-0.000248651144642627	-0.000715601309921001	  0.00201882879991571	 -0.00191643809723109
-0.000323076043756727	 0.000904102049223698	 -0.00506380053927038	 0.000204658828414851
 0.000232802121483286	-0.000625310339598112	  0.00441985751857038	 -0.00172056499389805
-0.000252769105739286	-0.000206503033759933	-3.40015398755443e-05	 -0.00362846059874218
-0.000479720598374106	 4.39852942067007e-05	  -0.0150710213232647	 0.000629979809805192


iteration: 34
eval(before): 2.32017e-05
del_phi.norm(): 0.000791049
PANDA LEFT
 0.000481183980371098	 0.000396252290097289	 -0.00294778299121313	  0.00156339517990389
 -6.8788339555473e-05	-0.000306632800882578	 -0.00813253179358739	  0.00428421541204644
-0.000160489473154544	 -0.00103121392994845	 0.000328598313105188	 -0.00304872017420108
-0.000149909456967371	 0.000736724461414539	 -0.00572651726941755	  0.00165833512561391
-0.000602729304062468	-0.000333769710877837	  0.00946940115654763	  0.00130003183081666
-0.000490164621154997	-0.000272911946924365	  -0.0155177263380556	 -0.00528934220222942
-0.000601392395188647	  6.2529020619186e-05	   0.0289391907899321	  0.00109807177607029
PANDA RIGHT
 -0.00156838261644062	-0.000701726821952055	  -0.0039540375381243	 -0.00189343564676783
 0.000131926342522985	-0.000194996093266384	  -0.0041804176047175	  0.00291056700615187
-1.68227869660536e-05	 -0.00107389095586487	   0.0019514159781641	 -0.00354334652598918
 0.000203500469698653	  0.00107295249951638	 0.000235231262571399	  0.00299666371808101
 -0.00129761121196354	-6.47781112729657e-05	   0.0140172495089606	 -0.00106358191027963
-0.000524349622662862	 0.000310850724540007	  -0.0139329117095962	  -0.0026552963246777
 -0.00106406609623683	 0.000136364629276548	  0.00470862412124564	 0.000249255331970711
PANDA TOP
   -0.000180109125294	 0.000580684076776258	  0.00127106798388173	   -0.006501618959743
-0.000329236467495131	-0.000113936194284906	 3.13237642169894e-07	  0.00170136918017639
-0.000251547700460243	-0.000723744392676076	  0.00220634349814634	  -0.0019777841219984
-0.000323104357327773	 0.000919788757079833	 -0.00501480798782465	 0.000177335301400204
   0.0002438218507876	-0.000626387049907934	  0.00442346851814035	 -0.00189608226173069
-0.000249052435000562	-0.000193585800555894	-4.67976556428327e-05	 -0.00390761200073016
-0.000481058616459945	  4.3966364912136e-05	   -0.015380170334226	 0.000652291866148024


iteration: 35
eval(before): 2.21834e-05
del_phi.norm(): 0.000797199
PANDA LEFT
  0.00047886619778713	 0.000392642002677874	 -0.00296726367859902	   0.0015434917582402
-6.09190189349262e-05	-0.000301608715203661	 -0.00812664481424234	  0.00427924697324288
-0.000150455115596935	 -0.00102871509276311	 0.000308714033433819	 -0.00305052075231001
-0.000158125499172699	 0.000720959180935929	 -0.00571886326311445	  0.00164592107521839
-0.000600116289945206	-0.000342068807628597	  0.00947340829935426	   0.0013231952823959
-0.000480594367668243	-0.000286918681827335	  -0.0155010902076903	 -0.00523851464118555
-0.000609005521941049	 6.25289425899335e-05	   0.0290019260226524	   0.0010867131769988
PANDA RIGHT
 -0.00155707757662587	-0.000698693583552403	  -0.0037770669193589	 -0.00189772063036725
 0.000145691530978637	-0.000199206004746529	 -0.00419257263079062	  0.00289330535181545
-1.83073074217905e-06	 -0.00105822057569848	  0.00209272175249981	 -0.00363183027532033
 0.000200167081197798	  0.00108977064496991	 0.000141548106009666	  0.00297027087904695
 -0.00131144147383786	-6.66731909080682e-05	   0.0140082531140234	 -0.00118994751139541
-0.000524775369132189	 0.000327733896750741	  -0.0139371523879325	 -0.00296126048273936
 -0.00106595332558894	 0.000136402870599983	  0.00429606150635519	 0.000247147621363978
PANDA TOP
-0.000177797810178542	 0.000579943144572301	  0.00108715344773883	 -0.00653040411838635
-0.000324976606392755	-0.000111275609121594	 2.31379117689866e-05	   0.0016643825036976
-0.000245895520483975	-0.000717209289592994	  0.00202327899151146	 -0.00192166503830646
-0.000321016590211993	 0.000905819616268411	 -0.00505946532225023	 0.000206881065594406
 0.000235765408910273	-0.000624502304100894	  0.00441699442186765	 -0.00172109550058945
-0.000252819669527972	-0.000205684146834212	-4.26628316300191e-05	 -0.00364599747410506
-0.000479255703463488	  4.3967158643423e-05	  -0.0150655654663618	  0.00063210977301339


iteration: 36
eval(before): 2.32167e-05
del_phi.norm(): 0.000791675
PANDA LEFT
 0.000481288151241074	 0.000392476786537722	 -0.00294185505872168	  0.00156751025602281
-7.08384531166913e-05	-0.000308136334414505	 -0.00813272140025428	  0.00429018016079958
-0.000159281794930565	 -0.00102818365732386	 0.000330380252566234	 -0.00305305831230648
-0.000153267601941288	 0.000737325666891526	 -0.00572855015425829	  0.00165031603781984
-0.000602830726519513	-0.000334635616149606	  0.00947471833408716	  0.00130468628847899
-0.000491546449446531	-0.000271983321308614	  -0.0155096899612913	 -0.00528840190150348
-0.000602775127441637	 6.25419487123565e-05	   0.0289240193280219	  0.00109559989929377
PANDA RIGHT
 -0.00157011861390583	-0.000697989681394328	 -0.00396031730326813	 -0.00189645050814712
 0.000130346958313742	-0.000193398304084398	 -0.00417833870241684	  0.00291105186391262
-1.59844302859764e-05	 -0.00107580882985873	  0.00194961664383956	   -0.003542921849289
 0.000202924893580559	  0.00107130830508698	 0.000238058454592227	  0.00299686714195096
  -0.0012927115305612	-6.51288570067183e-05	   0.0140208920515366	 -0.00105711369944805
-0.000524998492137085	 0.000308854846511149	  -0.0139290958391189	 -0.00266098246998665
 -0.00106538892407331	 0.000136457687915128	   0.0046807903303653	 0.000243263800134491
PANDA TOP
-0.000180648866536247	 0.000578544173441691	  0.00126853167209574	 -0.00650092582456051
-0.000328554190363769	-0.000113859669017451	-1.30686701715479e-06	  0.00170240645227484
-0.000248838143884556	-0.000725277143260357	  0.00221103319110863	 -0.00198303016903612
-0.000321105277531503	 0.000921451042817298	 -0.00501038707633848	 0.000179511945737996
 0.000246707279366031	-0.000625597024362989	  0.00442075239953856	 -0.00189655385134003
-0.000249112454023722	-0.000192806028315193	-5.50705177828801e-05	 -0.00392551442218442
-0.000480598995267907	  4.3948481302694e-05	  -0.0153753437261071	 0.000654521150847417


iteration: 37
eval(before): 2.21879e-05
del_phi.norm(): 0.000797266
PANDA LEFT
 0.000478951459794325	 0.000389087041817463	 -0.00296148335693332	   0.0015474085585451
-6.29644589625869e-05	-0.000303114134652907	 -0.00812676914450847	   0.0042851982156391
-0.000149194599061553	 -0.00102584831288104	 0.000310643600453792	 -0.00305503830235788
-0.000161462401434106	  0.00072150649165587	 -0.00572092160967027	  0.00163791961289191
-0.000600152860104292	-0.000342901156080432	  0.00947855666652364	  0.00132761506614574
-0.000481905452092142	-0.000286018568761997	  -0.0154932922561549	 -0.00523787035556956
 -0.00061035964657843	 6.25417053297741e-05	   0.0289862937803194	  0.00108415154955153
PANDA RIGHT
 -0.00155872265244466	-0.000695109381664569	 -0.00378292201948537	 -0.00190063615188846
 0.000144145470708034	 -0.00019766505267304	 -0.00419038348552439	  0.00289388752236732
-1.02132636159423e-06	 -0.00105994792811332	  0.00209127020825014	 -0.00363160399602449
 0.000199584840691864	  0.00108815747981325	 0.000143955407982361	   0.0029702913152293
 -0.00130664685404768	-6.70134831247692e-05	   0.0140118589212571	 -0.00118361187459171
-0.000525404820331767	 0.000325787356353884	  -0.0139334722780142	 -0.00296679848307416
 -0.00106726678784922	 0.000136495746680974	     0.00426893214886	 0.000241413318246598
PANDA TOP
-0.000178319153710094	 0.000577761243646095	  0.00108438349582907	 -0.00652977072029696
-0.000324290878215654	-0.000111202514769388	 2.17370305481589e-05	  0.00166532982155711
-0.000243215690888971	-0.000718644515206809	  0.00202782320897814	  -0.0019267936294209
 -0.00031906644218755	 0.000907379351923334	 -0.00505540316109764	 0.000208889417533299
  0.00023854077408101	-0.000623720949498103	   0.0044141414902768	 -0.00172081137601729
-0.000252920014655743	-0.000204985122368397	-5.07505078729792e-05	 -0.00366294237811565
-0.000478791867332503	 4.39495327783329e-05	  -0.0150615711214462	 0.000634088797271085


iteration: 38
eval(before): 2.32307e-05
del_phi.norm(): 0.00079225
PANDA LEFT
 0.000481356971302957	 0.000389140698968046	 -0.00293642016374759	  0.00157143106731138
-7.28793478308097e-05	-0.000309644389478289	 -0.00813294836602174	  0.00429609898197142
-0.000157972472108073	 -0.00102547468924902	 0.000332207013882759	 -0.00305766419502136
-0.000156578330508256	 0.000737821918466609	 -0.00573072916766961	  0.00164256530772566
-0.000602806759023678	-0.000335429478737904	  0.00947999891750448	  0.00130909843029978
-0.000492814831470538	-0.000271110227097625	  -0.0155021860670182	 -0.00528758666673597
-0.000604095242505849	 6.25546725373367e-05	   0.0289087362042703	  0.00109318168503188
PANDA RIGHT
 -0.00157171306961475	-0.000694559792035637	 -0.00396613736114203	 -0.00189924081167205
  0.00012881123978566	-0.000191923244644784	 -0.00417610796946877	   0.0029116261897847
-1.52124045852315e-05	 -0.00107739790410565	  0.00194824451007343	 -0.00354270854664537
 0.000202318477879051	  0.00106972828001987	 0.000240494550563277	  0.00299671308805677
 -0.00128798806497598	-6.54808620957019e-05	    0.014024434593841	 -0.00105086691416761
-0.000525585828482735	  0.00030695224950865	  -0.0139254203226349	 -0.00266628953386268
 -0.00106671308117474	 0.000136550257150219	  0.00465395783042388	  0.00023769569110797
PANDA TOP
-0.000181164289664364	 0.000576327275317307	  0.00126591505135485	 -0.00650006693494675
-0.000327882037506387	-0.000113794283883774	-2.66687817721717e-06	  0.00170346503096848
-0.000246206837961457	-0.000726644410431382	  0.00221580635874687	 -0.00198818075971246
-0.000319210807154682	 0.000922957468050457	  -0.0050062385367929	 0.000181460013731915
 0.000249410038713893	-0.000624832385106906	  0.00441802045842065	 -0.00189624207265858
 -0.00024922339265568	-0.000192144990791768	-6.28029720208435e-05	 -0.00394279844777283
-0.000480139782896086	  4.3931110693315e-05	  -0.0153719266266056	 0.000656579159750688


iteration: 39
eval(before): 2.21924e-05
del_phi.norm(): 0.000797361
PANDA LEFT
 0.000479001276171508	 0.000385952059595921	 -0.00295616953964181	  0.00155114783809327
-6.50026039617867e-05	-0.000304621588971012	 -0.00812694284208869	  0.00429110660710266
-0.000147841766761274	 -0.00102329124574151	 0.000312612930039638	 -0.00305980000286103
-0.000164749277259112	 0.000721958488995698	 -0.00572311639741573	  0.00163019599662216
-0.000600069786769961	-0.000343662178303631	  0.00948367912924704	  0.00133179551887257
-0.000483126369527478	-0.000285168277368944	  -0.0154859997982441	 -0.00523735651207703
-0.000611650505468087	 6.25542572958013e-05	    0.028970560313002	  0.00108165927430211
PANDA RIGHT
   -0.001560228271202	-0.000691821605305717	 -0.00378836085187205	 -0.00190333098053348
 0.000142636863916625	-0.000196244221392731	 -0.00418807029780657	  0.00289454663751533
-2.78696900746039e-07	  -0.0010613678165402	  0.00209020889682254	  -0.0036315562981049
 0.000198973341792904	   0.0010866106493313	 0.000146025027940322	  0.00296997849613321
 -0.00130202377373151	-6.73546276031259e-05	   0.0140153659959449	 -0.00117748640377208
-0.000525976472040053	  0.00032393115617172	  -0.0139299237557347	 -0.00297197292264133
 -0.00106857991178637	 0.000136588138545382	  0.00424274119074019	 0.000236090686210711
PANDA TOP
-0.000178816987470357	 0.000575512610145701	  0.00108154583640234	 -0.00652895960491648
-0.000323618269270668	-0.000111136800817418	 2.05644442982119e-05	  0.00166631114593277
-0.000240616645542489	-0.000719921646752927	  0.00203246339041029	 -0.00193181732752758
-0.000317217775044877	 0.000908786633225028	 -0.00505158640740712	 0.000210696997093238
 0.000241138773381849	-0.000622964707561605	  0.00441130241159387	 -0.00171980739365387
-0.000253069576358205	-0.000204402464438845	-5.83097724037549e-05	 -0.00367929834452993
-0.000478328786623796	 4.39324217875038e-05	  -0.0150588678373583	 0.000635929892050029


