iteration: 1
eval(before): 2.09192e-05
del_phi.norm(): 7.69092e-06
PANDA LEFT
 0.000486456878460869	 0.000538220001423131	 -0.00310135697557096	  0.00145299607542198
-4.62072432752501e-05	-0.000292586793921595	 -0.00807043557830668	   0.0041619990359791
-0.000163914093038669	 -0.00113030559623871	 0.000350662108003997	 -0.00314756748283544
-8.94155069217894e-05	 0.000719197430459862	 -0.00573626656693346	  0.00184013678722934
-0.000586354243498725	-0.000300850347673975	  0.00926888593326885	   0.0012026852627794
-0.000372123919705907	-0.000279520668448857	  -0.0158261858387805	 -0.00536237991100621
-0.000568086698476199	 6.23862268269533e-05	   0.0292294424823227	  0.00116145940508561
PANDA RIGHT
  -0.0015259287501748	-0.000803942420223091	  -0.0037089978009979	 -0.00175252748981985
  0.00015094552499507	-0.000216826948486007	 -0.00402274214977666	   0.0030199451441136
-8.07343546363395e-05	-0.000962208383204828	  0.00194679913144795	   -0.003674382166522
 0.000229555985634488	  0.00104368127386492	 4.09649205612716e-05	  0.00281942953080828
 -0.00138266783739864	 -4.0271638834636e-05	   0.0138129394345931	 -0.00123214226778782
-0.000511841330329286	 0.000317059731093934	  -0.0140398125809083	  -0.0026556182663002
   -0.001031691867104	 0.000134752038950748	  0.00491547828641855	   0.0004632247767465
PANDA TOP
-0.000161208011749387	 0.000565744193721248	  0.00120295600668279	 -0.00641884180009117
-0.000329781160262271	-0.000138500167937575	  1.4961399703485e-05	   0.0015984527498662
-0.000293124082702913	-0.000662065255765706	  0.00212033365649923	 -0.00192930026843099
-0.000367273643099074	   0.0009139762136408	  -0.0051972646531857	 0.000142970986395103
 0.000175271443639599	-0.000633085950351546	   0.0044621731527115	 -0.00175793161659525
-0.000236001785344655	-0.000185584635263598	 0.000224632529400441	 -0.00341640313776155
 -0.00047959027116828	  4.4248161815245e-05	  -0.0155673753659882	 0.000590433298956064


iteration: 2
eval(before): 2.0915e-05
del_phi.norm(): 7.60767e-06
PANDA LEFT
 0.000486179054137176	 0.000537914420335504	 -0.00310036359092538	  0.00145318257655134
 -4.5965978931539e-05	-0.000292456693630512	 -0.00807178339415004	  0.00416285641309439
-0.000163721016379749	 -0.00112975312453405	 0.000350203704852387	 -0.00314570125893128
-8.98378012346129e-05	 0.000719169314320732	 -0.00573606121626595	  0.00183938252963924
-0.000586464449289767	-0.000301307094622299	  0.00927036529648098	  0.00120307614027856
 -0.00037287673754906	-0.000279667402798676	  -0.0158242985038438	  -0.0053619877731855
 -0.00056846387537903	 6.23864620927656e-05	   0.0292286556044102	  0.00116129727578658
PANDA RIGHT
 -0.00152583716053169	-0.000803900833363897	 -0.00370924582846739	 -0.00175338606966134
 0.000151151401466638	-0.000216691032496359	 -0.00402487946501769	  0.00301874588952496
-8.00422040841281e-05	-0.000962753128069523	  0.00194855733042951	 -0.00367372458764937
  0.00022942359364209	  0.00104414850424698	 4.16235623219687e-05	  0.00282090419772769
 -0.00138243563509135	 -4.0402898991051e-05	   0.0138156098628852	 -0.00123224181948205
-0.000511507957084927	 0.000317219959587462	  -0.0140389981735553	 -0.00265628915755959
 -0.00103180881536551	 0.000134757668912434	  0.00491645103603594	 0.000462071958702239
PANDA TOP
-0.000161378600486575	 0.000566210559206808	  0.00120232570531082	 -0.00641984914923364
-0.000329783099634891	-0.000138362291331349	  1.6352110997131e-05	  0.00159929679623495
-0.000292981363901773	-0.000662279270657539	  0.00211875893386494	 -0.00192853177095444
-0.000367229193533297	 0.000913738964237922	 -0.00519607651600112	 0.000143076281568764
 0.000175391091868984	-0.000633160302308168	  0.00446190068512146	 -0.00175714245766878
-0.000235986903371829	-0.000185855566013944	 0.000223940567745534	 -0.00341896889991973
-0.000479689935588357	 4.42468864146625e-05	  -0.0155674277819605	   0.0005904484911016


