iteration: 1
eval(before): 1.13468
del_phi.norm(): 0.00491223
PANDA LEFT
 0.000523632497007719	 0.000361868862345152	 -0.00333207768639502	-0.000400341842090685
-5.39608591583178e-05	-0.000199746330467269	 -0.00817582091348255	  0.00457992937074266
-0.00016815349918384	-0.00109928282437322	0.000176438525327326	-0.00305915760112329
-8.50382215519958e-05	 0.000676394670789965	  -0.0055485931375541	    0.002010674028441
-0.000719472813714242	-0.000319694644668572	  0.00886336710616945	  0.00148350328927563
-0.000255313743031171	-0.000292165916060976	  -0.0157101212657601	 -0.00509383208869916
-0.000580328742246484	 1.41749608240449e-05	   0.0249323172403571	  0.00122949185951006
PANDA RIGHT
 -0.00150772998548584	-0.000276355812636453	  -0.0036430168644102	 -0.00301894901527612
 0.000102935621984071	-0.000268190171379187	 -0.00345759562565976	  0.00344192509132012
-0.000240997577417727	-0.000801002484183147	  0.00163042800404054	 -0.00397075868253024
0.000245040431825592	0.000951093444646194	-0.00034006070179618	 0.00275768741548401
 -0.00145144219781959	-3.12089294434782e-05	   0.0137199229461655	-0.000986536486152967
-0.000580029839333564	 0.000305877669871303	   -0.014317877641477	 -0.00226971259345114
-0.00102930440265433	2.98633574361735e-05	0.000574520274361664	0.000818671192724536
PANDA TOP
-0.000127985717702432	-9.72733102243449e-05	  0.00141731962580194	 -0.00476954123362733
-0.000319440705791477	-0.000153722316193659	-0.000548672999884754	  0.00162184791333145
-0.000293206053435599	-0.000646887039933214	  0.00229723878476038	 -0.00202447057849294
-0.000378076724303983	 0.000957612547285878	 -0.00544980110548499	 0.000241667841184526
 0.000114166235183577	-0.000633920771546458	  0.00448908551971244	 -0.00182686900306655
-0.000304478969237466	-0.000141922976975922	 0.000235306025357228	 -0.00356012540453268
-0.000464185416996439	 9.42878366577201e-06	  -0.0206635855955767	 0.000622588249024497


iteration: 2
eval(before): 1.11292
del_phi.norm(): 0.00490619
PANDA LEFT
0.000538094622075238	 -0.0001916170862644	-0.00277968597150453	0.000974319021398741
-4.84785403863924e-05	-0.000509544355048103	 -0.00789588921105772	  0.00424263119191061
-0.000103422634979866	-0.000926592045012456	 0.000516789297994769	 -0.00382616889803932
-0.000351898293991462	 0.000719689290890827	 -0.00631086343472012	  0.00096355273011946
-0.000190577799508148	-0.000440295746346353	  0.00998418023971642	 0.000960435342197944
-0.000790142498042827	-0.000266600342085796	  -0.0151353053048126	 -0.00516891441059005
-0.000525449987894513	 1.43438127458055e-05	   0.0235483436969719	   0.0010426907612767
PANDA RIGHT
-0.00140902800648706	6.42190139994892e-05	-0.00347621931760925	-0.00369834812724237
 0.000138848072098036	-0.000212738512254428	 -0.00447205144203949	  0.00206085544978778
0.000111836218194746	-0.00107085419107627	 0.00268876190561232	-0.00298701365610053
-2.82150712480925e-05	  0.00144323899372463	 0.000260641244201101	  0.00288884052202867
-0.000941717565870899	-0.000108875336186088	   0.0137563798460166	-0.000977600062265171
-0.00100784978725474	0.000471341340491215	  -0.013361210045538	-0.00348062550265112
 -0.00120399254444152	 3.04463807784467e-05	 0.000158170283217516	-0.000112891881716334
PANDA TOP
-8.24574841982279e-05	 0.000104814538270166	   0.0010638804126229	 -0.00432364107698954
-0.000317884079490285	-0.000111828730296712	 0.000573351141036735	   0.0013952622771691
-0.000328082305472146	-0.000736017676978109	  0.00236329107226232	 -0.00217646121244912
-0.00020094597338182	 0.00073867387976405	-0.00520380158291399	0.000290085049884651
 0.000119694431294117	-0.000710035270032413	   0.0042525663036738	  -0.0015466263838276
   -0.000317366318093	-0.000336022853337941	 2.97140084872468e-05	 -0.00367348217585247
-0.000496732662511894	 9.72049868448132e-06	  -0.0193189620401897	 0.000462765239179907


iteration: 3
eval(before): 1.13468
del_phi.norm(): 0.00491221
PANDA LEFT
 0.000523420087063292	  0.00036627543530652	 -0.00333212655414616	-0.000381842718941205
-5.38921135360217e-05	-0.000199747162517409	 -0.00817580430498028	  0.00457988228866595
-0.000168227242076293	 -0.00109917637064971	 0.000176431570388118	 -0.00305912292520681
-8.50048046704203e-05	 0.000676337740277867	 -0.00554857616228955	  0.00201069729990514
  -0.0007195117706828	-0.000319479871510558	  0.00886332185649843	   0.0014835079882753
-0.000255327161133783	-0.000292132341966936	  -0.0157101179335121	 -0.00509390156849542
-0.000580367633381265	 1.47481127713252e-05	   0.0249872463286123	  0.00122948878236352
PANDA RIGHT
 -0.00150787712271048	-0.000283026837972529	 -0.00364308897052713	 -0.00300044982235314
 0.000102995922571068	-0.000268186791856535	  -0.0034575776938252	  0.00344194417984891
-0.000241068185753034	-0.000800910340837765	  0.00163045649164773	 -0.00397076864415125
 0.000245046986325114	 0.000951150915924264	-0.000340056767718846	   0.0027576538071525
  -0.0014514459271608	-3.11295023081299e-05	   0.0137198856887311	-0.000986539905988124
-0.000580064241686976	  0.00030584265605845	  -0.0143178785042198	 -0.00226970215104941
-0.00102921378183703	3.10990180992118e-05	0.000629452587655725	0.000818688072659079
PANDA TOP
-0.000128188188487427	 -9.2855095402249e-05	  0.00141722327701061	 -0.00478809227603632
-0.000319414853058673	-0.000153708899783661	-0.000548657680781852	  0.00162183268858685
-0.000293242539731119	-0.000646780072104295	  0.00229727572535732	 -0.00202446530379988
-0.00037801019838211	0.000957629936845098	-0.00544976352241251	 0.00024168174318628
0.000114122086493265	-0.00063387839594306	 0.00448908741712588	-0.00182688949074172
-0.000304464997770179	 -0.00014194481536478	 0.000235288990372094	  -0.0035601645539369
-0.000464071634610203	 9.84531844052784e-06	  -0.0206086599768727	 0.000622593839434382


